[gd_scene load_steps=25 format=2]

[ext_resource path="res://addons/zylann.hterrain/hterrain.gd" type="Script" id=1]
[ext_resource path="res://addons/zylann.hterrain/hterrain_detail_layer.gd" type="Script" id=2]
[ext_resource path="res://addons/zylann.hterrain/hterrain_texture_set.gd" type="Script" id=3]
[ext_resource path="res://addons/zylann.hterrain/tools/icons/icon_detail_layer_node.svg" type="Texture" id=4]
[ext_resource path="res://Assets/Sourced/FBXs/LowpolyForestPack/TreesTexture/SpruceTreeLeaf.png" type="Texture" id=5]
[ext_resource path="res://Assets/Textures/vmilaalg_2K_Roughness.jpg" type="Texture" id=6]
[ext_resource path="res://terrain_data/data.hterrain" type="Resource" id=7]
[ext_resource path="res://Scenes/Player.tscn" type="PackedScene" id=8]
[ext_resource path="res://addons/zylann.scatter/scatter3d.gd" type="Script" id=9]
[ext_resource path="res://Scenes/LowPolyObjects/Grass/Grass1.tscn" type="PackedScene" id=10]
[ext_resource path="res://Scenes/LowPolyObjects/Mushrooms/Mushroom3.tscn" type="PackedScene" id=11]
[ext_resource path="res://Scenes/LowPolyObjects/Grass/Grass2.tscn" type="PackedScene" id=12]
[ext_resource path="res://Scenes/LowPolyObjects/Mushrooms/Mushroom4.tscn" type="PackedScene" id=13]
[ext_resource path="res://Scenes/LowPolyObjects/Mushrooms/Mushroom1.tscn" type="PackedScene" id=14]
[ext_resource path="res://Scenes/LowPolyObjects/Stones/Stone1.tscn" type="PackedScene" id=15]
[ext_resource path="res://Scenes/LowPolyObjects/Trees/DeadSpruce1.tscn" type="PackedScene" id=16]
[ext_resource path="res://Scenes/LowPolyObjects/Trees/SpruceTree1.tscn" type="PackedScene" id=17]
[ext_resource path="res://Scenes/LowPolyObjects/Trees/SpruceTree3.tscn" type="PackedScene" id=18]
[ext_resource path="res://Scenes/LowPolyObjects/Trees/DeadSpruce2.tscn" type="PackedScene" id=19]
[ext_resource path="res://Scenes/LowPolyObjects/Trees/SpruceTree2.tscn" type="PackedScene" id=20]
[ext_resource path="res://Scenes/LowPolyObjects/Stones/Stone3.tscn" type="PackedScene" id=21]
[ext_resource path="res://Scenes/LowPolyObjects/Stones/Stone2.tscn" type="PackedScene" id=22]
[ext_resource path="res://Scenes/LowPolyObjects/Mushrooms/Mushroom2.tscn" type="PackedScene" id=23]

[sub_resource type="Resource" id=2]
script = ExtResource( 3 )
mode = 0
textures = [ [ ExtResource( 6 ), ExtResource( 5 ) ], [ null, null ] ]

[node name="DreamscapeTerrain" type="Spatial"]

[node name="Player Controller" parent="." instance=ExtResource( 8 )]
transform = Transform( 0.698485, 0.000547031, -0.715624, -0.00127874, 0.999999, -0.000483692, 0.715624, 0.00125296, 0.698486, -12.2369, 1.6744, 29.574 )

[node name="Camera" parent="Player Controller/Player/Pivot" index="0"]
transform = Transform( 1, -2.50293e-09, -8.04663e-07, 1.16415e-10, 1, -1.43773e-08, 0, -5.82077e-11, 1, 1.90735e-06, 0.183741, 0.461391 )

[node name="FootStepAkEvent" parent="Player Controller/Player" index="5"]
event = {
"Id": 4276063004,
"Name": "PLAYER FS"
}

[node name="Scatter3D" type="Spatial" parent="."]
script = ExtResource( 9 )
_scenes = [ ExtResource( 15 ), ExtResource( 22 ), ExtResource( 21 ), ExtResource( 11 ), ExtResource( 13 ), ExtResource( 17 ), ExtResource( 20 ), ExtResource( 18 ), ExtResource( 16 ), ExtResource( 19 ), ExtResource( 14 ), ExtResource( 23 ), ExtResource( 10 ), ExtResource( 12 ) ]

[node name="Stone3" parent="Scatter3D" instance=ExtResource( 22 )]
transform = Transform( 0.999768, 0, -0.0215244, 0, 1, 0, 0.0215244, 0, 0.999768, 3.47528, 0, 18.4135 )

[node name="Stone5" parent="Scatter3D" instance=ExtResource( 22 )]
transform = Transform( -0.975468, 0, -0.220141, 0, 1, 0, 0.220141, 0, -0.975468, -14.423, 0, -1.09781 )

[node name="Stone6" parent="Scatter3D" instance=ExtResource( 22 )]
transform = Transform( -0.520083, 0, 0.854116, 0, 1, 0, -0.854116, 0, -0.520083, -15.5414, 0, -12.5529 )

[node name="Stone1" parent="Scatter3D" instance=ExtResource( 15 )]
transform = Transform( 0.967161, 0, 0.254164, 0, 1, 0, -0.254164, 0, 0.967161, -14.5818, 0, -12.568 )

[node name="Stone7" parent="Scatter3D" instance=ExtResource( 15 )]
transform = Transform( 0.919475, 0, 0.393148, 0, 1, 0, -0.393148, 0, 0.919475, -7.30224, 0, -10.2506 )

[node name="Stone8" parent="Scatter3D" instance=ExtResource( 15 )]
transform = Transform( -0.564629, 0, 0.825345, 0, 1, 0, -0.825345, 0, -0.564629, 0.64949, 0, -6.19809 )

[node name="Stone9" parent="Scatter3D" instance=ExtResource( 15 )]
transform = Transform( 0.159396, 0, -0.987215, 0, 1, 0, 0.987215, 0, 0.159396, 15.6126, 0, 2.61243 )

[node name="Stone12" parent="Scatter3D" instance=ExtResource( 21 )]
transform = Transform( 0.891703, 0, 0.452621, 0, 1, 0, -0.452621, 0, 0.891703, -15.6342, 0, -6.34778 )

[node name="Stone13" parent="Scatter3D" instance=ExtResource( 21 )]
transform = Transform( 0.975092, 0, 0.221801, 0, 1, 0, -0.221801, 0, 0.975092, -13.0053, 0, -8.22609 )

[node name="Stone14" parent="Scatter3D" instance=ExtResource( 21 )]
transform = Transform( -0.206722, 0, -0.9784, 0, 1, 0, 0.9784, 0, -0.206722, -12.9857, 0, -14.0298 )

[node name="Stone15" parent="Scatter3D" instance=ExtResource( 21 )]
transform = Transform( 0.786039, 0, 0.618177, 0, 1, 0, -0.618177, 0, 0.786039, -12.4806, 0, 0.142275 )

[node name="Stone16" parent="Scatter3D" instance=ExtResource( 21 )]
transform = Transform( 0.262121, 0, 0.965035, 0, 1, 0, -0.965035, 0, 0.262121, -10.5245, 0, 1.75061 )

[node name="Stone17" parent="Scatter3D" instance=ExtResource( 21 )]
transform = Transform( 0.997895, 0, -0.0648488, 0, 1, 0, 0.0648488, 0, 0.997895, -8.31177, 0, 3.62153 )

[node name="Stone18" parent="Scatter3D" instance=ExtResource( 21 )]
transform = Transform( 0.617996, 0, 0.786182, 0, 1, 0, -0.786182, 0, 0.617996, -6.20778, 0, 5.95365 )

[node name="Stone19" parent="Scatter3D" instance=ExtResource( 21 )]
transform = Transform( -0.999343, 0, -0.0362552, 0, 1, 0, 0.0362552, 0, -0.999343, -5.51981, 0, 8.82633 )

[node name="Stone20" parent="Scatter3D" instance=ExtResource( 21 )]
transform = Transform( 0.820294, 0, 0.571942, 0, 1, 0, -0.571942, 0, 0.820294, -4.15518, 0, -6.28079 )

[node name="Stone21" parent="Scatter3D" instance=ExtResource( 21 )]
transform = Transform( -0.595532, 0, -0.803331, 0, 1, 0, 0.803331, 0, -0.595532, -0.26913, 0, 0.991055 )

[node name="Stone22" parent="Scatter3D" instance=ExtResource( 21 )]
transform = Transform( 0.224682, 0, 0.974432, 0, 1, 0, -0.974432, 0, 0.224682, 1.41357, 0, 4.40843 )

[node name="Stone23" parent="Scatter3D" instance=ExtResource( 21 )]
transform = Transform( -0.314478, 0, -0.949265, 0, 1, 0, 0.949265, 0, -0.314478, 2.9597, 0, 8.53716 )

[node name="Stone24" parent="Scatter3D" instance=ExtResource( 21 )]
transform = Transform( 0.927054, 0, -0.374927, 0, 1, 0, 0.374927, 0, 0.927054, 3.36716, 0, 11.5928 )

[node name="Stone25" parent="Scatter3D" instance=ExtResource( 21 )]
transform = Transform( 0.889421, 0, -0.45709, 0, 1, 0, 0.45709, 0, 0.889421, 3.18711, 0, 20.417 )

[node name="Stone26" parent="Scatter3D" instance=ExtResource( 21 )]
transform = Transform( -0.520026, 0, 0.85415, 0, 1, 0, -0.85415, 0, -0.520026, -0.358029, 0, 21.4678 )

[node name="Stone27" parent="Scatter3D" instance=ExtResource( 21 )]
transform = Transform( 0.999964, 0, 0.00850215, 0, 1, 0, -0.00850215, 0, 0.999964, -3.57097, 0, 20.4376 )

[node name="Stone28" parent="Scatter3D" instance=ExtResource( 21 )]
transform = Transform( 0.271507, 0, 0.962436, 0, 1, 0, -0.962436, 0, 0.271507, -3.93764, 0, 17.9101 )

[node name="Stone29" parent="Scatter3D" instance=ExtResource( 21 )]
transform = Transform( 0.90471, 0, 0.426028, 0, 1, 0, -0.426028, 0, 0.90471, -3.03484, 0, 13.3564 )

[node name="Stone30" parent="Scatter3D" instance=ExtResource( 21 )]
transform = Transform( -0.937513, 0, -0.347951, 0, 1, 0, 0.347951, 0, -0.937513, -0.228519, 0, 13.261 )

[node name="Stone31" parent="Scatter3D" instance=ExtResource( 21 )]
transform = Transform( 0.804099, 0, 0.594496, 0, 1, 0, -0.594496, 0, 0.804099, 3.48853, 0, 14.8024 )

[node name="Stone32" parent="Scatter3D" instance=ExtResource( 21 )]
transform = Transform( 0.174157, 0, 0.984718, 0, 1, 0, -0.984718, 0, 0.174157, 1.99566, 0, 17.7118 )

[node name="Stone34" parent="Scatter3D" instance=ExtResource( 22 )]
transform = Transform( 0.946812, 0, 0.321787, 0, 1, 0, -0.321787, 0, 0.946812, 1.06565, 0, 20.4573 )

[node name="Stone36" parent="Scatter3D" instance=ExtResource( 15 )]
transform = Transform( 0.484277, 0, 0.874915, 0, 1, 0, -0.874915, 0, 0.484277, -2.17647, 0, 17.4804 )

[node name="Stone37" parent="Scatter3D" instance=ExtResource( 15 )]
transform = Transform( -0.569746, 0, 0.821821, 0, 1, 0, -0.821821, 0, -0.569746, -0.20552, 0, 19.5937 )

[node name="Stone38" parent="Scatter3D" instance=ExtResource( 15 )]
transform = Transform( -0.721718, 0, -0.692187, 0, 1, 0, 0.692187, 0, -0.721718, 2.01497, 0, 18.8601 )

[node name="Stone39" parent="Scatter3D" instance=ExtResource( 15 )]
transform = Transform( -0.366857, 0, -0.930277, 0, 1, 0, 0.930277, 0, -0.366857, 1.94066, 0, 15.1002 )

[node name="Mushroom3" parent="Scatter3D" instance=ExtResource( 11 )]
transform = Transform( -0.415652, 0, 0.909524, 0, 1, 0, -0.909524, 0, -0.415652, -0.280499, 0, 16.821 )

[node name="Mushroom4" parent="Scatter3D" instance=ExtResource( 11 )]
transform = Transform( -0.889737, 0, -0.456473, 0, 1, 0, 0.456473, 0, -0.889737, 0.608951, 0, 17.9934 )

[node name="Grass1" parent="Scatter3D" instance=ExtResource( 10 )]
transform = Transform( -0.342117, 0, 0.939657, 0, 1, 0, -0.939657, 0, -0.342117, -15.2197, 0, -5.45549 )

[node name="Grass2" parent="Scatter3D" instance=ExtResource( 10 )]
transform = Transform( -0.831947, 0, 0.554856, 0, 1, 0, -0.554856, 0, -0.831947, -16.3174, 0, 1.84582 )

[node name="Grass3" parent="Scatter3D" instance=ExtResource( 10 )]
transform = Transform( 0.925392, 0, 0.379012, 0, 1, 0, -0.379012, 0, 0.925392, -7.0868, 0, 10.8828 )

[node name="Grass4" parent="Scatter3D" instance=ExtResource( 10 )]
transform = Transform( -0.320225, 0, 0.947342, 0, 1, 0, -0.947342, 0, -0.320225, -4.40754, 0, 15.4325 )

[node name="Grass5" parent="Scatter3D" instance=ExtResource( 10 )]
transform = Transform( -0.0479942, 0, -0.998848, 0, 1, 0, 0.998848, 0, -0.0479942, -12.0684, 0, 6.01901 )

[node name="Grass6" parent="Scatter3D" instance=ExtResource( 10 )]
transform = Transform( -0.765975, 0, -0.64287, 0, 1, 0, 0.64287, 0, -0.765975, 1.32004, 0, -2.34189 )

[node name="Grass7" parent="Scatter3D" instance=ExtResource( 10 )]
transform = Transform( 0.287399, 0, -0.957811, 0, 1, 0, 0.957811, 0, 0.287399, 3.19969, 0, 4.42415 )

[node name="Grass8" parent="Scatter3D" instance=ExtResource( 10 )]
transform = Transform( 0.264529, 0, -0.964378, 0, 1, 0, 0.964378, 0, 0.264529, 5.37376, 0, 12.3114 )

[node name="Grass9" parent="Scatter3D" instance=ExtResource( 12 )]
transform = Transform( -0.598063, 0, -0.801449, 0, 1, 0, 0.801449, 0, -0.598063, 4.15059, 0, -3.97628 )

[node name="Grass10" parent="Scatter3D" instance=ExtResource( 12 )]
transform = Transform( 0.533774, 0, 0.845627, 0, 1, 0, -0.845627, 0, 0.533774, 5.23099, 0, 7.46756 )

[node name="Grass11" parent="Scatter3D" instance=ExtResource( 12 )]
transform = Transform( 0.296874, 0, -0.954917, 0, 1, 0, 0.954917, 0, 0.296874, -3.90043, 0, -19.6038 )

[node name="Grass12" parent="Scatter3D" instance=ExtResource( 12 )]
transform = Transform( -0.945986, 0, 0.324208, 0, 1, 0, -0.324208, 0, -0.945986, -24.3599, 0, -13.0653 )

[node name="Grass13" parent="Scatter3D" instance=ExtResource( 12 )]
transform = Transform( -0.930694, 0, 0.3658, 0, 1, 0, -0.3658, 0, -0.930694, -12.9218, 0, 1.86544 )

[node name="Grass14" parent="Scatter3D" instance=ExtResource( 12 )]
transform = Transform( 0.928255, 0, 0.371944, 0, 1, 0, -0.371944, 0, 0.928255, -12.6535, 0, 2.33781 )

[node name="Grass15" parent="Scatter3D" instance=ExtResource( 12 )]
transform = Transform( -0.410042, 0, 0.912067, 0, 1, 0, -0.912067, 0, -0.410042, -9.3586, 0, 16.2408 )

[node name="Grass16" parent="Scatter3D" instance=ExtResource( 12 )]
transform = Transform( 0.999757, 0, -0.0220251, 0, 1, 0, 0.0220251, 0, 0.999757, -6.85228, 0, 17.3581 )

[node name="Grass17" parent="Scatter3D" instance=ExtResource( 12 )]
transform = Transform( 0.421984, 0, -0.906603, 0, 1, 0, 0.906603, 0, 0.421984, -6.55888, 0, 13.3102 )

[node name="Grass18" parent="Scatter3D" instance=ExtResource( 12 )]
transform = Transform( 0.715295, 0, 0.698823, 0, 1, 0, -0.698823, 0, 0.715295, -20.0478, 0, 3.39267 )

[node name="Grass19" parent="Scatter3D" instance=ExtResource( 12 )]
transform = Transform( 0.199208, 0, 0.979957, 0, 1, 0, -0.979957, 0, 0.199208, -34.8853, 0, -41.5849 )

[node name="Grass20" parent="Scatter3D" instance=ExtResource( 12 )]
transform = Transform( 0.3878, 0, 0.921744, 0, 1, 0, -0.921744, 0, 0.3878, -34.9088, 0, -43.355 )

[node name="Grass21" parent="Scatter3D" instance=ExtResource( 12 )]
transform = Transform( 0.489701, 0, 0.87189, 0, 1, 0, -0.87189, 0, 0.489701, -34.3887, 0, -44.1248 )

[node name="Grass22" parent="Scatter3D" instance=ExtResource( 12 )]
transform = Transform( 0.806521, 0, -0.591205, 0, 1, 0, 0.591205, 0, 0.806521, -34.2601, 0, -44.7824 )

[node name="Grass23" parent="Scatter3D" instance=ExtResource( 12 )]
transform = Transform( -0.598305, 0, -0.801268, 0, 1, 0, 0.801268, 0, -0.598305, -16.7374, 0, -41.7572 )

[node name="Grass24" parent="Scatter3D" instance=ExtResource( 12 )]
transform = Transform( 0.258949, 0, 0.965891, 0, 1, 0, -0.965891, 0, 0.258949, 4.18639, 0, -5.72459 )

[node name="Grass25" parent="Scatter3D" instance=ExtResource( 12 )]
transform = Transform( 0.385204, 0, 0.922832, 0, 1, 0, -0.922832, 0, 0.385204, 6.37076, 0, 1.02398 )

[node name="Grass26" parent="Scatter3D" instance=ExtResource( 12 )]
transform = Transform( -0.511501, 0, 0.859283, 0, 1, 0, -0.859283, 0, -0.511501, 16.6044, 0, 18.4178 )

[node name="Grass27" parent="Scatter3D" instance=ExtResource( 12 )]
transform = Transform( 0.54903, 0, 0.835803, 0, 1, 0, -0.835803, 0, 0.54903, 11.0857, 0, 34.8289 )

[node name="Grass28" parent="Scatter3D" instance=ExtResource( 12 )]
transform = Transform( -0.941271, 0, -0.337651, 0, 1, 0, 0.337651, 0, -0.941271, -3.10139, 0, 45.562 )

[node name="Grass29" parent="Scatter3D" instance=ExtResource( 12 )]
transform = Transform( 0.239681, 0, 0.970852, 0, 1, 0, -0.970852, 0, 0.239681, -11.0216, 0, 36.4317 )

[node name="Grass30" parent="Scatter3D" instance=ExtResource( 12 )]
transform = Transform( 0.285673, 0, 0.958327, 0, 1, 0, -0.958327, 0, 0.285673, -26.2097, 0, 15.5169 )

[node name="Grass31" parent="Scatter3D" instance=ExtResource( 12 )]
transform = Transform( -0.612387, 0, 0.790558, 0, 1, 0, -0.790558, 0, -0.612387, -40.1648, 0, 5.02178 )

[node name="Grass33" parent="Scatter3D" instance=ExtResource( 12 )]
transform = Transform( 0.286056, 0, 0.958213, 0, 1, 0, -0.958213, 0, 0.286056, -59.4746, 0, -31.6088 )

[node name="Grass34" parent="Scatter3D" instance=ExtResource( 12 )]
transform = Transform( 0.0569551, 0, -0.998377, 0, 1, 0, 0.998377, 0, 0.0569551, 18.3663, 0, -35.2396 )

[node name="Grass35" parent="Scatter3D" instance=ExtResource( 12 )]
transform = Transform( 0.999468, 0, -0.0326176, 0, 1, 0, 0.0326176, 0, 0.999468, 24.4758, 0, 3.41085 )

[node name="Grass36" parent="Scatter3D" instance=ExtResource( 12 )]
transform = Transform( -0.907546, 0, -0.419953, 0, 1, 0, 0.419953, 0, -0.907546, 24.5257, 0, 4.15723 )

[node name="Grass37" parent="Scatter3D" instance=ExtResource( 12 )]
transform = Transform( 1, 0, 0.000415339, 0, 1, 0, -0.000415339, 0, 1, 24.5747, 0, 4.88954 )

[node name="Grass38" parent="Scatter3D" instance=ExtResource( 12 )]
transform = Transform( -0.976677, 0, 0.214712, 0, 1, 0, -0.214712, 0, -0.976677, 24.3469, 0, 29.8529 )

[node name="Grass39" parent="Scatter3D" instance=ExtResource( 12 )]
transform = Transform( 0.972396, 0, 0.233338, 0, 1, 0, -0.233338, 0, 0.972396, 22.4175, 0, 33.6967 )

[node name="Grass40" parent="Scatter3D" instance=ExtResource( 12 )]
transform = Transform( 0.663726, 0, -0.747976, 0, 1, 0, 0.747976, 0, 0.663726, 11.987, 0, 41.9192 )

[node name="Grass41" parent="Scatter3D" instance=ExtResource( 12 )]
transform = Transform( -0.929417, 0, 0.369032, 0, 1, 0, -0.369032, 0, -0.929417, 7.91532, 0, 27.884 )

[node name="SpruceTree10" parent="Scatter3D" instance=ExtResource( 20 )]
transform = Transform( 0.362907, 0, 0.931825, 0, 1, 0, -0.931825, 0, 0.362907, -18.7289, 0, 56.4883 )

[node name="SpruceTree12" parent="Scatter3D" instance=ExtResource( 20 )]
transform = Transform( -0.97943, 0, 0.201786, 0, 1, 0, -0.201786, 0, -0.97943, -18.7148, 0, 56.379 )

[node name="SpruceTree13" parent="Scatter3D" instance=ExtResource( 20 )]
transform = Transform( 0.206984, 0, -0.978344, 0, 1, 0, 0.978344, 0, 0.206984, -46.9823, 0, 32.0611 )

[node name="SpruceTree14" parent="Scatter3D" instance=ExtResource( 20 )]
transform = Transform( -0.573117, 0, 0.819473, 0, 1, 0, -0.819473, 0, -0.573117, -47.2693, 0, 32.0864 )

[node name="SpruceTree19" parent="Scatter3D" instance=ExtResource( 20 )]
transform = Transform( 0.799815, 0, -0.600247, 0, 1, 0, 0.600247, 0, 0.799815, -33.3142, 0, 14.4429 )

[node name="SpruceTree20" parent="Scatter3D" instance=ExtResource( 20 )]
transform = Transform( -0.998391, 0, 0.0567059, 0, 1, 0, -0.0567059, 0, -0.998391, -33.0792, 0, 14.454 )

[node name="SpruceTree26" parent="Scatter3D" instance=ExtResource( 18 )]
transform = Transform( 0.38404, 0, 0.923316, 0, 1, 0, -0.923316, 0, 0.38404, 23.4277, 0, -23.0408 )

[node name="SpruceTree27" parent="Scatter3D" instance=ExtResource( 18 )]
transform = Transform( 0.616431, 0, 0.787409, 0, 1, 0, -0.787409, 0, 0.616431, 21.5743, 0, -28.9085 )

[node name="SpruceTree33" parent="Scatter3D" instance=ExtResource( 18 )]
transform = Transform( -0.510293, 0, -0.86, 0, 1, 0, 0.86, 0, -0.510293, 41.4193, 0, -14.7354 )

[node name="SpruceTree38" parent="Scatter3D" instance=ExtResource( 18 )]
transform = Transform( -0.846291, 0, -0.532721, 0, 1, 0, 0.532721, 0, -0.846291, 35.429, 0, -25.1643 )

[node name="DeadSpruce1" type="Spatial" parent="Scatter3D" instance=ExtResource( 16 )]
transform = Transform( -0.63041, 0, 0.776262, 0, 1, 0, -0.776262, 0, -0.63041, 33.9879, -1.90735e-06, -20.5845 )

[node name="DeadSpruce2" type="Spatial" parent="Scatter3D" instance=ExtResource( 16 )]
transform = Transform( 0.576524, 0, -0.81708, 0, 1, 0, 0.81708, 0, 0.576524, 29.7042, 1.90735e-06, -25.5563 )

[node name="DeadSpruce3" type="Spatial" parent="Scatter3D" instance=ExtResource( 16 )]
transform = Transform( 0.955613, 0, -0.294625, 0, 1, 0, 0.294625, 0, 0.955613, 53.6147, 1.95588, -20.8243 )

[node name="DeadSpruce4" type="Spatial" parent="Scatter3D" instance=ExtResource( 16 )]
transform = Transform( 0.606729, 0, 0.794909, 0, 1, 0, -0.794909, 0, 0.606729, 54.8702, 1.353, -14.8728 )

[node name="DeadSpruce5" type="Spatial" parent="Scatter3D" instance=ExtResource( 16 )]
transform = Transform( 0.948815, 0, -0.315832, 0, 1, 0, 0.315832, 0, 0.948815, 60.7377, 2.68525, -6.66327 )

[node name="DeadSpruce6" type="Spatial" parent="Scatter3D" instance=ExtResource( 16 )]
transform = Transform( -0.712683, 0, -0.701486, 0, 1, 0, 0.701486, 0, -0.712683, 62.4864, 2.39205, -17.2095 )

[node name="DeadSpruce7" type="Spatial" parent="Scatter3D" instance=ExtResource( 16 )]
transform = Transform( 0.198927, 0, -0.980014, 0, 1, 0, 0.980014, 0, 0.198927, 48.904, 1.82153, -26.0693 )

[node name="DeadSpruce8" type="Spatial" parent="Scatter3D" instance=ExtResource( 16 )]
transform = Transform( -0.25428, 0, -0.967131, 0, 1, 0, 0.967131, 0, -0.25428, 33.2252, 5.54697, -34.352 )

[node name="DeadSpruce9" type="Spatial" parent="Scatter3D" instance=ExtResource( 16 )]
transform = Transform( -0.749805, 0, -0.661659, 0, 1, 0, 0.661659, 0, -0.749805, 41.1905, 4.14453, -31.9288 )

[node name="DeadSpruce10" type="Spatial" parent="Scatter3D" instance=ExtResource( 16 )]
transform = Transform( -0.270659, 0, -0.962675, 0, 1, 0, 0.962675, 0, -0.270659, 37.0461, 2.91767, 10.5982 )

[node name="DeadSpruce11" type="Spatial" parent="Scatter3D" instance=ExtResource( 16 )]
transform = Transform( -0.89504, 0, 0.445985, 0, 1, 0, -0.445985, 0, -0.89504, 27.495, 0.572048, 16.7365 )

[node name="DeadSpruce12" type="Spatial" parent="Scatter3D" instance=ExtResource( 16 )]
transform = Transform( 0.0272369, 0, -0.999629, 0, 1, 0, 0.999629, 0, 0.0272369, -5.65458, 4.58392, -14.38 )

[node name="DeadSpruce13" type="Spatial" parent="Scatter3D" instance=ExtResource( 16 )]
transform = Transform( 0.00359554, 0, -0.999994, 0, 1, 0, 0.999994, 0, 0.00359554, -10.6667, 4.38285, -8.42345 )

[node name="DeadSpruce14" type="Spatial" parent="Scatter3D" instance=ExtResource( 16 )]
transform = Transform( -0.957122, 0, 0.289684, 0, 1, 0, -0.289684, 0, -0.957122, -10.7284, 4.40899, -8.33705 )

[node name="DeadSpruce15" type="Spatial" parent="Scatter3D" instance=ExtResource( 16 )]
transform = Transform( 0.0381815, 0, -0.999271, 0, 1, 0, 0.999271, 0, 0.0381815, -14.5136, 5.39948, 3.54963 )

[node name="DeadSpruce16" type="Spatial" parent="Scatter3D" instance=ExtResource( 16 )]
transform = Transform( 0.0274377, 0, 0.999624, 0, 1, 0, -0.999624, 0, 0.0274377, -13.7885, 5.70909, -2.00258 )

[node name="DeadSpruce17" type="Spatial" parent="Scatter3D" instance=ExtResource( 16 )]
transform = Transform( -0.694933, 0, -0.719075, 0, 1, 0, 0.719075, 0, -0.694933, -2.35992, 3.97844, -18.5037 )

[node name="DeadSpruce18" type="Spatial" parent="Scatter3D" instance=ExtResource( 16 )]
transform = Transform( 0.984135, 0, -0.177423, 0, 1, 0, 0.177423, 0, 0.984135, 6.67723, 2.26801, -35.2482 )

[node name="DeadSpruce19" type="Spatial" parent="Scatter3D" instance=ExtResource( 16 )]
transform = Transform( 0.533931, 0, 0.845528, 0, 1, 0, -0.845528, 0, 0.533931, 19.1572, 3.16723, -33.3074 )

[node name="DeadSpruce20" type="Spatial" parent="Scatter3D" instance=ExtResource( 16 )]
transform = Transform( -0.290198, 0, 0.956967, 0, 1, 0, -0.956967, 0, -0.290198, 18.7574, 3.59962, -44.095 )

[node name="DeadSpruce21" type="Spatial" parent="Scatter3D" instance=ExtResource( 16 )]
transform = Transform( 0.703917, 0, 0.710283, 0, 1, 0, -0.710283, 0, 0.703917, 18.6879, 3.60581, -44.2072 )

[node name="DeadSpruce22" type="Spatial" parent="Scatter3D" instance=ExtResource( 16 )]
transform = Transform( -0.907751, 0, 0.419509, 0, 1, 0, -0.419509, 0, -0.907751, 18.7359, 3.65264, -44.4065 )

[node name="DeadSpruce23" type="Spatial" parent="Scatter3D" instance=ExtResource( 16 )]
transform = Transform( 0.937808, 0, -0.347155, 0, 1, 0, 0.347155, 0, 0.937808, 1.49454, 3.82628, -23.6022 )

[node name="DeadSpruce24" type="Spatial" parent="Scatter3D" instance=ExtResource( 16 )]
transform = Transform( 0.704885, 0, 0.709322, 0, 1, 0, -0.709322, 0, 0.704885, 9.40322, -0.462616, -33.4612 )

[node name="DeadSpruce25" type="Spatial" parent="Scatter3D" instance=ExtResource( 16 )]
transform = Transform( -0.839422, 0, -0.543481, 0, 1, 0, 0.543481, 0, -0.839422, 26.4586, 8.36057, -38.8772 )

[node name="DeadSpruce26" type="Spatial" parent="Scatter3D" instance=ExtResource( 19 )]
transform = Transform( -0.711463, 0, -0.702724, 0, 1, 0, 0.702724, 0, -0.711463, 15.3476, 6.98632, -28.5006 )

[node name="DeadSpruce27" type="Spatial" parent="Scatter3D" instance=ExtResource( 19 )]
transform = Transform( -0.875776, 0, -0.482718, 0, 1, 0, 0.482718, 0, -0.875776, 2.2382, 4.10762, -19.1826 )

[node name="DeadSpruce28" type="Spatial" parent="Scatter3D" instance=ExtResource( 19 )]
transform = Transform( 0.805284, 0, 0.59289, 0, 1, 0, -0.59289, 0, 0.805284, -8.04948, 4.79621, -11.8509 )

[node name="DeadSpruce29" type="Spatial" parent="Scatter3D" instance=ExtResource( 19 )]
transform = Transform( 0.853025, 0, -0.52187, 0, 1, 0, 0.52187, 0, 0.853025, -6.58402, 2.77289, -11.7857 )

[node name="DeadSpruce30" type="Spatial" parent="Scatter3D" instance=ExtResource( 19 )]
transform = Transform( -0.515908, 0, 0.856644, 0, 1, 0, -0.856644, 0, -0.515908, 3.39004, 2.25613, -27.1568 )

[node name="DeadSpruce31" type="Spatial" parent="Scatter3D" instance=ExtResource( 19 )]
transform = Transform( -0.835296, 0, -0.549801, 0, 1, 0, 0.549801, 0, -0.835296, 13.6125, 3.35506, -37.6463 )

[node name="DeadSpruce32" type="Spatial" parent="Scatter3D" instance=ExtResource( 19 )]
transform = Transform( -0.115161, 0, 0.993347, 0, 1, 0, -0.993347, 0, -0.115161, 47.1121, 2.03057, -46.2639 )

[node name="DeadSpruce33" type="Spatial" parent="Scatter3D" instance=ExtResource( 19 )]
transform = Transform( 0.854964, 0, -0.518687, 0, 1, 0, 0.518687, 0, 0.854964, 37.9857, 6.3059, -33.1998 )

[node name="DeadSpruce34" type="Spatial" parent="Scatter3D" instance=ExtResource( 19 )]
transform = Transform( -0.941167, 0, -0.337941, 0, 1, 0, 0.337941, 0, -0.941167, 37.8322, 6.2822, -33.0858 )

[node name="DeadSpruce35" type="Spatial" parent="Scatter3D" instance=ExtResource( 19 )]
transform = Transform( -0.985507, 0, 0.169636, 0, 1, 0, -0.169636, 0, -0.985507, 37.6944, 6.24111, -32.9933 )

[node name="DeadSpruce36" type="Spatial" parent="Scatter3D" instance=ExtResource( 19 )]
transform = Transform( -0.831768, 0, -0.555123, 0, 1, 0, 0.555123, 0, -0.831768, 31.3182, 8.23976, -40.2209 )

[node name="DeadSpruce37" type="Spatial" parent="Scatter3D" instance=ExtResource( 19 )]
transform = Transform( 0.509602, 0, -0.86041, 0, 1, 0, 0.86041, 0, 0.509602, 37.0835, 2.73288, -29.3413 )

[node name="DeadSpruce38" type="Spatial" parent="Scatter3D" instance=ExtResource( 19 )]
transform = Transform( 0.954812, 0, 0.297212, 0, 1, 0, -0.297212, 0, 0.954812, 49.7179, 0.770874, -21.0896 )

[node name="DeadSpruce39" type="Spatial" parent="Scatter3D" instance=ExtResource( 19 )]
transform = Transform( 0.670488, 0, -0.74192, 0, 1, 0, 0.74192, 0, 0.670488, 49.3831, 1.74973, -28.5734 )

[node name="DeadSpruce40" type="Spatial" parent="Scatter3D" instance=ExtResource( 19 )]
transform = Transform( 0.801721, 0, -0.597699, 0, 1, 0, 0.597699, 0, 0.801721, 49.573, 1.76429, -28.7031 )

[node name="DeadSpruce41" type="Spatial" parent="Scatter3D" instance=ExtResource( 19 )]
transform = Transform( 0.548397, 0, 0.836218, 0, 1, 0, -0.836218, 0, 0.548397, 49.7655, 1.77669, -28.8354 )

[node name="DeadSpruce42" type="Spatial" parent="Scatter3D" instance=ExtResource( 19 )]
transform = Transform( -0.00908164, 0, -0.999959, 0, 1, 0, 0.999959, 0, -0.00908164, 58.0771, 0.00347137, -2.05852 )

[node name="DeadSpruce43" type="Spatial" parent="Scatter3D" instance=ExtResource( 19 )]
transform = Transform( 0.849706, 0, -0.527256, 0, 1, 0, 0.527256, 0, 0.849706, 37.6889, 2.84366, 15.656 )

[node name="DeadSpruce44" type="Spatial" parent="Scatter3D" instance=ExtResource( 19 )]
transform = Transform( 0.989044, 0, -0.147623, 0, 1, 0, 0.147623, 0, 0.989044, 35.2537, 2.84499, 17.2673 )

[node name="SpruceTree1" type="Spatial" parent="Scatter3D" instance=ExtResource( 17 )]
transform = Transform( 0.374377, 0, -0.927276, 0, 1, 0, 0.927276, 0, 0.374377, 29.9968, -4.57764e-05, -18.464 )

[node name="SpruceTree3" type="Spatial" parent="Scatter3D" instance=ExtResource( 17 )]
transform = Transform( 0.148695, 0, 0.988883, 0, 1, 0, -0.988883, 0, 0.148695, 44.6184, 1.75998, -26.186 )

[node name="SpruceTree4" type="Spatial" parent="Scatter3D" instance=ExtResource( 17 )]
transform = Transform( 0.991321, 0, 0.131466, 0, 1, 0, -0.131466, 0, 0.991321, 12.2065, -3.8147e-06, -17.0699 )

[node name="SpruceTree5" type="Spatial" parent="Scatter3D" instance=ExtResource( 17 )]
transform = Transform( 0.142939, 0, -0.989731, 0, 1, 0, 0.989731, 0, 0.142939, 2.10797, 0.000782013, -11.2799 )

[node name="SpruceTree6" type="Spatial" parent="Scatter3D" instance=ExtResource( 17 )]
transform = Transform( -0.210279, 0, -0.977641, 0, 1, 0, 0.977641, 0, -0.210279, 25.4571, 0, -12.1956 )

[node name="SpruceTree7" type="Spatial" parent="Scatter3D" instance=ExtResource( 17 )]
transform = Transform( -0.363332, 0, -0.93166, 0, 1, 0, 0.93166, 0, -0.363332, 21.2532, -4.19617e-05, -16.2119 )

[node name="SpruceTree8" type="Spatial" parent="Scatter3D" instance=ExtResource( 17 )]
transform = Transform( 0.922372, 0, 0.386303, 0, 1, 0, -0.386303, 0, 0.922372, -0.593581, -0.000595093, -6.07535 )

[node name="SpruceTree11" type="Spatial" parent="Scatter3D" instance=ExtResource( 17 )]
transform = Transform( 0.99772, 0, 0.0674865, 0, 1, 0, -0.0674865, 0, 0.99772, 20.7253, 0.0522957, 16.1557 )

[node name="Stone2" type="Spatial" parent="Scatter3D" instance=ExtResource( 15 )]
transform = Transform( -0.581672, 0, 0.813423, 0, 1, 0, -0.813423, 0, -0.581672, -2.30473, -0.0177479, 3.80826 )

[node name="Stone4" type="Spatial" parent="Scatter3D" instance=ExtResource( 15 )]
transform = Transform( 0.395606, 0, 0.91842, 0, 1, 0, -0.91842, 0, 0.395606, -9.25904, -0.13072, 10.5275 )

[node name="Stone10" type="Spatial" parent="Scatter3D" instance=ExtResource( 15 )]
transform = Transform( 0.999768, 0, -0.0215244, 0, 1, 0, 0.0215244, 0, 0.999768, -14.6545, 1.23153, 13.8546 )

[node name="Stone11" type="Spatial" parent="Scatter3D" instance=ExtResource( 15 )]
transform = Transform( -0.864457, 0, -0.502706, 0, 1, 0, 0.502706, 0, -0.864457, -13.9684, 0.238508, 15.7522 )

[node name="Stone41" type="Spatial" parent="Scatter3D" instance=ExtResource( 15 )]
transform = Transform( -0.975468, 0, -0.220141, 0, 1, 0, 0.220141, 0, -0.975468, -13.3112, 0.557663, 13.4794 )

[node name="Stone42" type="Spatial" parent="Scatter3D" instance=ExtResource( 15 )]
transform = Transform( -0.520083, 0, 0.854116, 0, 1, 0, -0.854116, 0, -0.520083, -3.41339, -0.0592365, 6.67178 )

[node name="Stone43" type="Spatial" parent="Scatter3D" instance=ExtResource( 15 )]
transform = Transform( 0.967161, 0, 0.254164, 0, 1, 0, -0.254164, 0, 0.967161, 14.389, 0.000722885, 25.4994 )

[node name="Stone44" type="Spatial" parent="Scatter3D" instance=ExtResource( 15 )]
transform = Transform( 0.919475, 0, 0.393148, 0, 1, 0, -0.393148, 0, 0.919475, 18.2543, 0.973194, 23.2291 )

[node name="Stone45" type="Spatial" parent="Scatter3D" instance=ExtResource( 15 )]
transform = Transform( -0.564629, 0, 0.825345, 0, 1, 0, -0.825345, 0, -0.564629, 16.5551, 0.33803, 30.3032 )

[node name="Stone46" type="Spatial" parent="Scatter3D" instance=ExtResource( 15 )]
transform = Transform( 0.159396, 0, -0.987215, 0, 1, 0, 0.987215, 0, 0.159396, 11.9991, 0.630421, 34.906 )

[node name="Stone47" type="Spatial" parent="Scatter3D" instance=ExtResource( 15 )]
transform = Transform( -0.878032, 0, 0.478601, 0, 1, 0, -0.478601, 0, -0.878032, 7.51622, 0.323528, 38.0969 )

[node name="Stone48" type="Spatial" parent="Scatter3D" instance=ExtResource( 15 )]
transform = Transform( 0.955906, 0, -0.293674, 0, 1, 0, 0.293674, 0, 0.955906, 5.65961, 0.118868, 37.4711 )

[node name="Stone49" type="Spatial" parent="Scatter3D" instance=ExtResource( 15 )]
transform = Transform( 0.891703, 0, 0.452621, 0, 1, 0, -0.452621, 0, 0.891703, 4.62521, 1.51689, 41.4832 )

[node name="Stone50" type="Spatial" parent="Scatter3D" instance=ExtResource( 15 )]
transform = Transform( 0.975092, 0, 0.221801, 0, 1, 0, -0.221801, 0, 0.975092, 3.21131, 1.03878, 43.0899 )

[node name="Stone51" type="Spatial" parent="Scatter3D" instance=ExtResource( 15 )]
transform = Transform( -0.206722, 0, -0.9784, 0, 1, 0, 0.9784, 0, -0.206722, 9.50323, 0.921724, 41.6978 )

[node name="Stone52" type="Spatial" parent="Scatter3D" instance=ExtResource( 22 )]
transform = Transform( 0.786039, 0, 0.618177, 0, 1, 0, -0.618177, 0, 0.786039, 18.2214, 1.86909, 33.2584 )

[node name="Stone53" type="Spatial" parent="Scatter3D" instance=ExtResource( 22 )]
transform = Transform( 0.262121, 0, 0.965035, 0, 1, 0, -0.965035, 0, 0.262121, 13.3564, 2.02207, 38.9543 )

[node name="Stone54" type="Spatial" parent="Scatter3D" instance=ExtResource( 22 )]
transform = Transform( 0.997895, 0, -0.0648488, 0, 1, 0, 0.0648488, 0, 0.997895, 4.01855, 0.506277, 39.9232 )

[node name="Stone55" type="Spatial" parent="Scatter3D" instance=ExtResource( 22 )]
transform = Transform( 0.617996, 0, 0.786182, 0, 1, 0, -0.786182, 0, 0.617996, -8.18179, 0, 14.4789 )

[node name="Stone56" type="Spatial" parent="Scatter3D" instance=ExtResource( 22 )]
transform = Transform( -0.999343, 0, -0.0362552, 0, 1, 0, 0.0362552, 0, -0.999343, -14.3333, 1.62865, 12.8311 )

[node name="Stone57" type="Spatial" parent="Scatter3D" instance=ExtResource( 22 )]
transform = Transform( 0.820294, 0, 0.571942, 0, 1, 0, -0.571942, 0, 0.820294, -13.3291, 0.505238, 9.6903 )

[node name="Stone58" type="Spatial" parent="Scatter3D" instance=ExtResource( 22 )]
transform = Transform( -0.595532, 0, -0.803331, 0, 1, 0, 0.803331, 0, -0.595532, -12.0814, 0.0361633, 13.4047 )

[node name="Stone59" type="Spatial" parent="Scatter3D" instance=ExtResource( 22 )]
transform = Transform( 0.224682, 0, 0.974432, 0, 1, 0, -0.974432, 0, 0.224682, -11.8955, -1.80627, 9.45074 )

[node name="Stone60" type="Spatial" parent="Scatter3D" instance=ExtResource( 22 )]
transform = Transform( -0.314478, 0, -0.949265, 0, 1, 0, 0.949265, 0, -0.314478, -5.30901, -0.270144, 4.69279 )

[node name="Stone61" type="Spatial" parent="Scatter3D" instance=ExtResource( 22 )]
transform = Transform( 0.927054, 0, -0.374927, 0, 1, 0, 0.374927, 0, 0.927054, -6.11256, -9.33262, -4.76071 )

[node name="Stone62" type="Spatial" parent="Scatter3D" instance=ExtResource( 22 )]
transform = Transform( 0.889421, 0, -0.45709, 0, 1, 0, 0.45709, 0, 0.889421, 1.41974, 1.90735e-06, -1.566 )

[node name="Stone63" type="Spatial" parent="Scatter3D" instance=ExtResource( 22 )]
transform = Transform( -0.520026, 0, 0.85415, 0, 1, 0, -0.85415, 0, -0.520026, -1.94155, -0.00648689, 1.17298 )

[node name="Stone64" type="Spatial" parent="Scatter3D" instance=ExtResource( 22 )]
transform = Transform( 0.999964, 0, 0.00850215, 0, 1, 0, -0.00850215, 0, 0.999964, -8.22632, -1.60986, 6.78312 )

[node name="Stone65" type="Spatial" parent="Scatter3D" instance=ExtResource( 22 )]
transform = Transform( 0.271507, 0, 0.962436, 0, 1, 0, -0.962436, 0, 0.271507, 14.5559, 0.0731449, 27.027 )

[node name="Stone66" type="Spatial" parent="Scatter3D" instance=ExtResource( 22 )]
transform = Transform( 0.90471, 0, 0.426028, 0, 1, 0, -0.426028, 0, 0.90471, 11.0961, 0.349304, 35.7539 )

[node name="Stone67" type="Spatial" parent="Scatter3D" instance=ExtResource( 21 )]
transform = Transform( -0.937513, 0, -0.347951, 0, 1, 0, 0.347951, 0, -0.937513, -15.9869, 1.32774, 14.0331 )

[node name="Stone68" type="Spatial" parent="Scatter3D" instance=ExtResource( 21 )]
transform = Transform( 0.804099, 0, 0.594496, 0, 1, 0, -0.594496, 0, 0.804099, -13.9639, 1.55248, 12.4825 )

[node name="Stone69" type="Spatial" parent="Scatter3D" instance=ExtResource( 21 )]
transform = Transform( 0.174157, 0, 0.984718, 0, 1, 0, -0.984718, 0, 0.174157, -9.20549, 0.0752125, 10.1866 )

[node name="Stone70" type="Spatial" parent="Scatter3D" instance=ExtResource( 21 )]
transform = Transform( -0.532476, 0, -0.846445, 0, 1, 0, 0.846445, 0, -0.532476, -5.14657, -0.0651951, 5.82998 )

[node name="Stone71" type="Spatial" parent="Scatter3D" instance=ExtResource( 21 )]
transform = Transform( 0.946812, 0, 0.321787, 0, 1, 0, -0.321787, 0, 0.946812, -3.98634, -0.289459, 2.87426 )

[node name="Stone72" type="Spatial" parent="Scatter3D" instance=ExtResource( 21 )]
transform = Transform( -0.541148, 0, 0.840928, 0, 1, 0, -0.840928, 0, -0.541148, 7.74693, 1.90735e-06, -8.1126 )

[node name="Stone73" type="Spatial" parent="Scatter3D" instance=ExtResource( 21 )]
transform = Transform( 0.484277, 0, 0.874915, 0, 1, 0, -0.874915, 0, 0.484277, 18.7132, 0.0439148, 15.7862 )

[node name="Stone74" type="Spatial" parent="Scatter3D" instance=ExtResource( 21 )]
transform = Transform( -0.569746, 0, 0.821821, 0, 1, 0, -0.821821, 0, -0.569746, 18.7655, 0.0477505, 19.9569 )

[node name="Stone75" type="Spatial" parent="Scatter3D" instance=ExtResource( 21 )]
transform = Transform( -0.721718, 0, -0.692187, 0, 1, 0, 0.692187, 0, -0.721718, 16.8121, 0.229982, 29.3951 )

[node name="Stone76" type="Spatial" parent="Scatter3D" instance=ExtResource( 21 )]
transform = Transform( -0.366857, 0, -0.930277, 0, 1, 0, 0.930277, 0, -0.366857, 10.3219, 0.0196972, 34.7257 )

[node name="SpruceTree9" type="Spatial" parent="Scatter3D" instance=ExtResource( 17 )]
transform = Transform( -0.621065, 0, 0.783759, 0, 1, 0, -0.783759, 0, -0.621065, 31.351, 0.000114441, 2.71133 )

[node name="SpruceTree15" type="Spatial" parent="Scatter3D" instance=ExtResource( 17 )]
transform = Transform( -0.415652, 0, 0.909524, 0, 1, 0, -0.909524, 0, -0.415652, 41.616, 0.00386429, 3.70373 )

[node name="SpruceTree16" type="Spatial" parent="Scatter3D" instance=ExtResource( 17 )]
transform = Transform( -0.490242, 0, -0.871586, 0, 1, 0, 0.871586, 0, -0.490242, -2.04466, -3.8147e-06, 35.1502 )

[node name="SpruceTree17" type="Spatial" parent="Scatter3D" instance=ExtResource( 17 )]
transform = Transform( -0.997282, 0, -0.0736807, 0, 1, 0, 0.0736807, 0, -0.997282, -13.5564, 0, 37.033 )

[node name="SpruceTree18" type="Spatial" parent="Scatter3D" instance=ExtResource( 17 )]
transform = Transform( 0.952855, 0, -0.303425, 0, 1, 0, 0.303425, 0, 0.952855, -17.6077, 0.176792, 20.8179 )

[node name="SpruceTree21" type="Spatial" parent="Scatter3D" instance=ExtResource( 17 )]
transform = Transform( -0.793787, 0, 0.608196, 0, 1, 0, -0.608196, 0, -0.793787, -5.3085, 0.00937271, 44.6125 )

[node name="DeadSpruce45" type="Spatial" parent="Scatter3D" instance=ExtResource( 16 )]
transform = Transform( -0.577547, 0, -0.816358, 0, 1, 0, 0.816358, 0, -0.577547, -26.5687, 10.9185, 22.856 )

[node name="DeadSpruce46" type="Spatial" parent="Scatter3D" instance=ExtResource( 16 )]
transform = Transform( -0.582925, 0, -0.812526, 0, 1, 0, 0.812526, 0, -0.582925, -18.1922, 5.53623, -3.76056 )

[node name="DeadSpruce47" type="Spatial" parent="Scatter3D" instance=ExtResource( 16 )]
transform = Transform( 0.0711493, 0, 0.997466, 0, 1, 0, -0.997466, 0, 0.0711493, -13.3258, 5.28914, -1.58401 )

[node name="DeadSpruce48" type="Spatial" parent="Scatter3D" instance=ExtResource( 16 )]
transform = Transform( -0.887913, 0, 0.460012, 0, 1, 0, -0.460012, 0, -0.887913, -13.3619, 5.22892, -1.4767 )

[node name="DeadSpruce49" type="Spatial" parent="Scatter3D" instance=ExtResource( 16 )]
transform = Transform( 0.177533, 0, 0.984115, 0, 1, 0, -0.984115, 0, 0.177533, -15.6102, 2.76014, -13.9206 )

[node name="DeadSpruce50" type="Spatial" parent="Scatter3D" instance=ExtResource( 16 )]
transform = Transform( 0.995471, 0, -0.0950615, 0, 1, 0, 0.0950615, 0, 0.995471, -23.6362, 7.68761, -2.10774 )

[node name="DeadSpruce51" type="Spatial" parent="Scatter3D" instance=ExtResource( 16 )]
transform = Transform( -0.728793, 0, -0.684734, 0, 1, 0, 0.684734, 0, -0.728793, 31.1107, 2.28474, 28.2391 )

[node name="DeadSpruce52" type="Spatial" parent="Scatter3D" instance=ExtResource( 16 )]
transform = Transform( 0.920784, 0, -0.390074, 0, 1, 0, 0.390074, 0, 0.920784, 33.5091, 2.24837, 23.8619 )

[node name="DeadSpruce53" type="Spatial" parent="Scatter3D" instance=ExtResource( 16 )]
transform = Transform( 0.991214, 0, 0.132271, 0, 1, 0, -0.132271, 0, 0.991214, 32.3961, 2.44136, 20.8017 )

[node name="DeadSpruce54" type="Spatial" parent="Scatter3D" instance=ExtResource( 16 )]
transform = Transform( 0.092969, 0, 0.995669, 0, 1, 0, -0.995669, 0, 0.092969, 22.2113, 1.77642, 34.4557 )

[node name="DeadSpruce55" type="Spatial" parent="Scatter3D" instance=ExtResource( 16 )]
transform = Transform( -0.089992, 0, 0.995942, 0, 1, 0, -0.995942, 0, -0.089992, 27.4732, 2.17698, 27.8657 )

[node name="DeadSpruce56" type="Spatial" parent="Scatter3D" instance=ExtResource( 16 )]
transform = Transform( -0.316024, 0, -0.948751, 0, 1, 0, 0.948751, 0, -0.316024, 28.9196, 0.824448, 16.7324 )

[node name="DeadSpruce57" type="Spatial" parent="Scatter3D" instance=ExtResource( 16 )]
transform = Transform( -0.644557, 0, -0.764557, 0, 1, 0, 0.764557, 0, -0.644557, 33.4251, 2.94155, 14.8256 )

[node name="DeadSpruce58" type="Spatial" parent="Scatter3D" instance=ExtResource( 16 )]
transform = Transform( 0.509922, 0, 0.860221, 0, 1, 0, -0.860221, 0, 0.509922, 25.8121, 1.09707, 22.8597 )

