[gd_scene load_steps=15 format=2]

[ext_resource path="res://addons/zylann.hterrain/hterrain_texture_set.gd" type="Script" id=1]
[ext_resource path="res://addons/zylann.hterrain/hterrain.gd" type="Script" id=2]
[ext_resource path="res://Data/PlaygroundTerrain/data.hterrain" type="Resource" id=3]
[ext_resource path="res://Scenes/Player/Player.tscn" type="PackedScene" id=4]
[ext_resource path="res://addons/zylann.scatter/scatter3d.gd" type="Script" id=5]
[ext_resource path="res://Scenes/LowPolyObjects/Trees/SpruceTree1.tscn" type="PackedScene" id=6]
[ext_resource path="res://Scenes/LowPolyObjects/Trees/SpruceTree3.tscn" type="PackedScene" id=7]
[ext_resource path="res://Scenes/LowPolyObjects/Trees/SpruceTree2.tscn" type="PackedScene" id=8]
[ext_resource path="res://Scenes/LowPolyObjects/POIs/Playground.tscn" type="PackedScene" id=9]
[ext_resource path="res://addons/wwise/runtime/nodes/ak_bank.gd" type="Script" id=10]
[ext_resource path="res://Scenes/Experimental/Marek/PlaygroundWorld.gd" type="Script" id=11]
[ext_resource path="res://Scenes/LowPolyObjects/POIs/WoodenFence.tscn" type="PackedScene" id=12]

[sub_resource type="Resource" id=1]
script = ExtResource( 1 )
mode = 0
textures = [ [  ], [  ] ]

[sub_resource type="Curve3D" id=2]
_data = {
"points": PoolVector3Array( 0, 0, 0, 0, 0, 0, -5.94885, -1.8039, -0.80903, 0, 0, 0, 0, 0, 0, -5.95415, -1.97483, 10.234, 0, 0, 0, 0, 0, 0, 4.41191, -1.89944, 10.4198, 0, 0, 0, 0, 0, 0, 3.95987, -1.60361, -1.36828, 0, 0, 0, 0, 0, 0, -0.873332, -2.00983, -7.03546, 0, 0, 0, 0, 0, 0, -5.94885, -1.8039, -0.80903 ),
"tilts": PoolRealArray( 0, 0, 0, 0, 0, 0 )
}

[node name="PlaygroundWorld" type="Spatial"]
script = ExtResource( 11 )

[node name="HTerrain" type="Spatial" parent="."]
transform = Transform( 1, 0, 0, 0, 1, 0, 0, 0, 1, -64, 0, -64 )
script = ExtResource( 2 )
map_scale = Vector3( 0.25, 1, 0.25 )
_terrain_data = ExtResource( 3 )
chunk_size = 32
collision_enabled = true
collision_layer = 1
collision_mask = 1
shader_type = "Classic4Lite"
custom_shader = null
custom_globalmap_shader = null
texture_set = SubResource( 1 )
render_layers = 1
shader_params/u_ground_uv_scale = 20
shader_params/u_depth_blending = true
shader_params/u_triplanar = false
shader_params/u_tile_reduction = Plane( 0, 0, 0, 0 )

[node name="Player" parent="." instance=ExtResource( 4 )]
transform = Transform( 1, 0, 0, 0, 1, 0, 0, 0, 1, 0, 3.03949, 0 )

[node name="Scatter3D" type="Spatial" parent="."]
script = ExtResource( 5 )
_scenes = [ ExtResource( 6 ), ExtResource( 8 ), ExtResource( 7 ) ]

[node name="SpruceTree1" parent="Scatter3D" instance=ExtResource( 6 )]
transform = Transform( 0.840127, 0, 0.54239, 0, 1, 0, -0.54239, 0, 0.840127, -1.72279, 0, -34.1914 )

[node name="SpruceTree2" parent="Scatter3D" instance=ExtResource( 6 )]
transform = Transform( -0.833534, 0, 0.552468, 0, 1, 0, -0.552468, 0, -0.833534, 0.904732, 0, -34.3244 )

[node name="SpruceTree3" parent="Scatter3D" instance=ExtResource( 6 )]
transform = Transform( -0.581672, 0, 0.813423, 0, 1, 0, -0.813423, 0, -0.581672, 7.74007, 3.8147e-06, -32.0971 )

[node name="SpruceTree4" parent="Scatter3D" instance=ExtResource( 6 )]
transform = Transform( 0.395606, 0, 0.91842, 0, 1, 0, -0.91842, 0, 0.395606, 11.897, 3.8147e-06, -31.8765 )

[node name="SpruceTree5" parent="Scatter3D" instance=ExtResource( 6 )]
transform = Transform( 0.999768, 0, -0.0215244, 0, 1, 0, 0.0215244, 0, 0.999768, 23.8138, -3.8147e-06, -20.2405 )

[node name="SpruceTree6" parent="Scatter3D" instance=ExtResource( 6 )]
transform = Transform( -0.864457, 0, -0.502706, 0, 1, 0, 0.502706, 0, -0.864457, 32.6177, 0, -8.70377 )

[node name="SpruceTree7" parent="Scatter3D" instance=ExtResource( 6 )]
transform = Transform( -0.975468, 0, -0.220141, 0, 1, 0, 0.220141, 0, -0.975468, 38.0605, 0, 3.31442 )

[node name="SpruceTree8" parent="Scatter3D" instance=ExtResource( 6 )]
transform = Transform( -0.520083, 0, 0.854116, 0, 1, 0, -0.854116, 0, -0.520083, 42.0502, 3.8147e-06, 15.3691 )

[node name="SpruceTree9" parent="Scatter3D" instance=ExtResource( 6 )]
transform = Transform( 0.967161, 0, 0.254164, 0, 1, 0, -0.254164, 0, 0.967161, 44.7231, 3.8147e-06, 21.0125 )

[node name="SpruceTree10" parent="Scatter3D" instance=ExtResource( 6 )]
transform = Transform( 0.919475, 0, 0.393148, 0, 1, 0, -0.393148, 0, 0.919475, 45.6457, 0, 23.8198 )

[node name="SpruceTree11" parent="Scatter3D" instance=ExtResource( 6 )]
transform = Transform( -0.564629, 0, 0.825345, 0, 1, 0, -0.825345, 0, -0.564629, 41.4666, 3.8147e-06, 25.5144 )

[node name="SpruceTree12" parent="Scatter3D" instance=ExtResource( 6 )]
transform = Transform( 0.159396, 0, -0.987215, 0, 1, 0, 0.987215, 0, 0.159396, 31.9874, 3.8147e-06, 29.7566 )

[node name="SpruceTree13" parent="Scatter3D" instance=ExtResource( 6 )]
transform = Transform( -0.878032, 0, 0.478601, 0, 1, 0, -0.478601, 0, -0.878032, 18.4361, 3.8147e-06, 34.7872 )

[node name="SpruceTree14" parent="Scatter3D" instance=ExtResource( 6 )]
transform = Transform( 0.955906, 0, -0.293674, 0, 1, 0, 0.293674, 0, 0.955906, 14.2762, 0, 35.65 )

[node name="SpruceTree15" parent="Scatter3D" instance=ExtResource( 6 )]
transform = Transform( 0.891703, 0, 0.452621, 0, 1, 0, -0.452621, 0, 0.891703, 1.22182, 0, 38.7632 )

[node name="SpruceTree16" parent="Scatter3D" instance=ExtResource( 6 )]
transform = Transform( 0.975092, 0, 0.221801, 0, 1, 0, -0.221801, 0, 0.975092, -6.21037, 0, 39.6438 )

[node name="SpruceTree17" parent="Scatter3D" instance=ExtResource( 6 )]
transform = Transform( -0.206722, 0, -0.9784, 0, 1, 0, 0.9784, 0, -0.206722, -12.3279, 0, 39.4915 )

[node name="SpruceTree18" parent="Scatter3D" instance=ExtResource( 6 )]
transform = Transform( 0.786039, 0, 0.618177, 0, 1, 0, -0.618177, 0, 0.786039, -20.3562, 3.8147e-06, 39.5332 )

[node name="SpruceTree19" parent="Scatter3D" instance=ExtResource( 6 )]
transform = Transform( 0.262121, 0, 0.965035, 0, 1, 0, -0.965035, 0, 0.262121, -28.4616, -3.8147e-06, 38.5197 )

[node name="SpruceTree20" parent="Scatter3D" instance=ExtResource( 6 )]
transform = Transform( 0.997895, 0, -0.0648488, 0, 1, 0, 0.0648488, 0, 0.997895, -37.7828, 0, 34.5805 )

[node name="SpruceTree21" parent="Scatter3D" instance=ExtResource( 6 )]
transform = Transform( 0.617996, 0, 0.786182, 0, 1, 0, -0.786182, 0, 0.617996, -41.8486, -3.8147e-06, 30.243 )

[node name="SpruceTree22" parent="Scatter3D" instance=ExtResource( 6 )]
transform = Transform( -0.999343, 0, -0.0362552, 0, 1, 0, 0.0362552, 0, -0.999343, -43.4807, 3.8147e-06, 27.9544 )

[node name="SpruceTree23" parent="Scatter3D" instance=ExtResource( 6 )]
transform = Transform( 0.820294, 0, 0.571942, 0, 1, 0, -0.571942, 0, 0.820294, -5.64675, 0, -37.4153 )

[node name="SpruceTree24" parent="Scatter3D" instance=ExtResource( 6 )]
transform = Transform( -0.595532, 0, -0.803331, 0, 1, 0, 0.803331, 0, -0.595532, -11.2754, 0, -35.1111 )

[node name="SpruceTree25" parent="Scatter3D" instance=ExtResource( 6 )]
transform = Transform( 0.224682, 0, 0.974432, 0, 1, 0, -0.974432, 0, 0.224682, -15.599, 0, -31.9997 )

[node name="SpruceTree26" parent="Scatter3D" instance=ExtResource( 6 )]
transform = Transform( -0.314478, 0, -0.949265, 0, 1, 0, 0.949265, 0, -0.314478, -19.8041, 0, -29.2872 )

[node name="SpruceTree27" parent="Scatter3D" instance=ExtResource( 6 )]
transform = Transform( 0.927054, 0, -0.374927, 0, 1, 0, 0.374927, 0, 0.927054, -26.488, 0, -25.4499 )

[node name="SpruceTree28" parent="Scatter3D" instance=ExtResource( 6 )]
transform = Transform( 0.889421, 0, -0.45709, 0, 1, 0, 0.45709, 0, 0.889421, -32.4628, 0, -20.7345 )

[node name="SpruceTree29" parent="Scatter3D" instance=ExtResource( 6 )]
transform = Transform( -0.520026, 0, 0.85415, 0, 1, 0, -0.85415, 0, -0.520026, -39.4682, 3.8147e-06, -13.5081 )

[node name="SpruceTree30" parent="Scatter3D" instance=ExtResource( 6 )]
transform = Transform( 0.999964, 0, 0.00850215, 0, 1, 0, -0.00850215, 0, 0.999964, -42.6167, 0, -9.41613 )

[node name="SpruceTree31" parent="Scatter3D" instance=ExtResource( 6 )]
transform = Transform( 0.271507, 0, 0.962436, 0, 1, 0, -0.962436, 0, 0.271507, -44.3626, 0, -6.22215 )

[node name="SpruceTree32" parent="Scatter3D" instance=ExtResource( 6 )]
transform = Transform( 0.90471, 0, 0.426028, 0, 1, 0, -0.426028, 0, 0.90471, -45.8531, 0, -0.192375 )

[node name="SpruceTree33" parent="Scatter3D" instance=ExtResource( 6 )]
transform = Transform( -0.937513, 0, -0.347951, 0, 1, 0, 0.347951, 0, -0.937513, -46.4133, 0, 4.26378 )

[node name="SpruceTree34" parent="Scatter3D" instance=ExtResource( 6 )]
transform = Transform( 0.804099, 0, 0.594496, 0, 1, 0, -0.594496, 0, 0.804099, -46.2399, 3.8147e-06, 9.5181 )

[node name="SpruceTree35" parent="Scatter3D" instance=ExtResource( 6 )]
transform = Transform( 0.174157, 0, 0.984718, 0, 1, 0, -0.984718, 0, 0.174157, -45.5232, 3.8147e-06, 15.3287 )

[node name="SpruceTree36" parent="Scatter3D" instance=ExtResource( 6 )]
transform = Transform( -0.532476, 0, -0.846445, 0, 1, 0, 0.846445, 0, -0.532476, -44.2334, -3.8147e-06, 21.9933 )

[node name="SpruceTree37" parent="Scatter3D" instance=ExtResource( 6 )]
transform = Transform( 0.946812, 0, 0.321787, 0, 1, 0, -0.321787, 0, 0.946812, -41.5723, 0, 33.4629 )

[node name="SpruceTree38" parent="Scatter3D" instance=ExtResource( 8 )]
transform = Transform( -0.541148, 0, 0.840928, 0, 1, 0, -0.840928, 0, -0.541148, -51.318, 3.8147e-06, 6.50244 )

[node name="SpruceTree39" parent="Scatter3D" instance=ExtResource( 8 )]
transform = Transform( 0.484277, 0, 0.874915, 0, 1, 0, -0.874915, 0, 0.484277, -51.4326, 0, 3.27636 )

[node name="SpruceTree40" parent="Scatter3D" instance=ExtResource( 8 )]
transform = Transform( -0.569746, 0, 0.821821, 0, 1, 0, -0.821821, 0, -0.569746, -48.9445, 0, -8.05532 )

[node name="SpruceTree41" parent="Scatter3D" instance=ExtResource( 8 )]
transform = Transform( -0.721718, 0, -0.692187, 0, 1, 0, 0.692187, 0, -0.721718, -46.9663, 0, -15.9777 )

[node name="SpruceTree42" parent="Scatter3D" instance=ExtResource( 8 )]
transform = Transform( -0.366857, 0, -0.930277, 0, 1, 0, 0.930277, 0, -0.366857, -44.0588, 0, -22.1249 )

[node name="SpruceTree43" parent="Scatter3D" instance=ExtResource( 8 )]
transform = Transform( -0.621065, 0, 0.783759, 0, 1, 0, -0.783759, 0, -0.621065, -35.5639, 3.8147e-06, -37.9403 )

[node name="SpruceTree44" parent="Scatter3D" instance=ExtResource( 8 )]
transform = Transform( -0.415652, 0, 0.909524, 0, 1, 0, -0.909524, 0, -0.415652, -24.3663, -3.8147e-06, -54.547 )

[node name="SpruceTree45" parent="Scatter3D" instance=ExtResource( 8 )]
transform = Transform( -0.889737, 0, -0.456473, 0, 1, 0, 0.456473, 0, -0.889737, 48.086, -3.8147e-06, 39.2017 )

[node name="SpruceTree46" parent="Scatter3D" instance=ExtResource( 8 )]
transform = Transform( -0.490242, 0, -0.871586, 0, 1, 0, 0.871586, 0, -0.490242, 42.1504, 0, 41.3401 )

[node name="SpruceTree47" parent="Scatter3D" instance=ExtResource( 8 )]
transform = Transform( 0.515618, 0, -0.856819, 0, 1, 0, 0.856819, 0, 0.515618, 35.2596, 7.62939e-06, 43.8228 )

[node name="SpruceTree48" parent="Scatter3D" instance=ExtResource( 8 )]
transform = Transform( -0.898794, 0, 0.438371, 0, 1, 0, -0.438371, 0, -0.898794, 29.2443, 0, 45.096 )

[node name="SpruceTree49" parent="Scatter3D" instance=ExtResource( 8 )]
transform = Transform( -0.997282, 0, -0.0736807, 0, 1, 0, 0.0736807, 0, -0.997282, 26.2621, 0, 45.5309 )

[node name="SpruceTree50" parent="Scatter3D" instance=ExtResource( 8 )]
transform = Transform( 0.952855, 0, -0.303425, 0, 1, 0, 0.303425, 0, 0.952855, 10.5427, 0, 46.8193 )

[node name="SpruceTree51" parent="Scatter3D" instance=ExtResource( 8 )]
transform = Transform( -0.793787, 0, 0.608196, 0, 1, 0, -0.608196, 0, -0.793787, 1.13258, 0, 47.4775 )

[node name="SpruceTree52" parent="Scatter3D" instance=ExtResource( 8 )]
transform = Transform( 0.824922, 0, 0.565247, 0, 1, 0, -0.565247, 0, 0.824922, -8.16582, 0, 48.0086 )

[node name="SpruceTree53" parent="Scatter3D" instance=ExtResource( 8 )]
transform = Transform( 0.547081, 0, 0.83708, 0, 1, 0, -0.83708, 0, 0.547081, -16.6174, 3.8147e-06, 47.7666 )

[node name="SpruceTree54" parent="Scatter3D" instance=ExtResource( 8 )]
transform = Transform( -0.85532, 0, -0.518101, 0, 1, 0, 0.518101, 0, -0.85532, -19.7784, 0, 47.1801 )

[node name="SpruceTree55" parent="Scatter3D" instance=ExtResource( 8 )]
transform = Transform( -0.577547, 0, -0.816358, 0, 1, 0, 0.816358, 0, -0.577547, -23.9676, 0, 46.2458 )

[node name="SpruceTree56" parent="Scatter3D" instance=ExtResource( 8 )]
transform = Transform( -0.0823369, 0, -0.996605, 0, 1, 0, 0.996605, 0, -0.0823369, -32.3918, -3.8147e-06, 42.4731 )

[node name="SpruceTree57" parent="Scatter3D" instance=ExtResource( 8 )]
transform = Transform( 0.743706, 0, -0.668507, 0, 1, 0, 0.668507, 0, 0.743706, -37.0503, 0, 39.5704 )

[node name="SpruceTree58" parent="Scatter3D" instance=ExtResource( 8 )]
transform = Transform( -0.978918, 0, 0.204254, 0, 1, 0, -0.204254, 0, -0.978918, -41.1653, 0, 36.1873 )

[node name="SpruceTree59" parent="Scatter3D" instance=ExtResource( 8 )]
transform = Transform( 0.91661, 0, 0.399783, 0, 1, 0, -0.399783, 0, 0.91661, -45.4557, -3.8147e-06, 31.6104 )

[node name="SpruceTree60" parent="Scatter3D" instance=ExtResource( 8 )]
transform = Transform( -0.987322, 0, 0.158729, 0, 1, 0, -0.158729, 0, -0.987322, -49.8315, 3.8147e-06, 25.9352 )

[node name="SpruceTree61" parent="Scatter3D" instance=ExtResource( 8 )]
transform = Transform( -0.0798213, 0, 0.996809, 0, 1, 0, -0.996809, 0, -0.0798213, -55.16, 0, 17.1223 )

[node name="SpruceTree62" parent="Scatter3D" instance=ExtResource( 8 )]
transform = Transform( 0.796981, 0, 0.604004, 0, 1, 0, -0.604004, 0, 0.796981, -57.9324, -3.8147e-06, 12.5371 )

[node name="SpruceTree63" parent="Scatter3D" instance=ExtResource( 8 )]
transform = Transform( 0.944933, 0, -0.327265, 0, 1, 0, 0.327265, 0, 0.944933, -59.6131, 0, 9.0719 )

[node name="SpruceTree64" parent="Scatter3D" instance=ExtResource( 8 )]
transform = Transform( 0.530553, 0, -0.847652, 0, 1, 0, 0.847652, 0, 0.530553, -60.0291, 0, 7.19913 )

[node name="SpruceTree65" parent="Scatter3D" instance=ExtResource( 8 )]
transform = Transform( -0.582925, 0, -0.812526, 0, 1, 0, 0.812526, 0, -0.582925, -58.3368, 0, 2.3037 )

[node name="SpruceTree66" parent="Scatter3D" instance=ExtResource( 8 )]
transform = Transform( 0.0711493, 0, 0.997466, 0, 1, 0, -0.997466, 0, 0.0711493, -55.6591, 0, -3.74693 )

[node name="SpruceTree67" parent="Scatter3D" instance=ExtResource( 8 )]
transform = Transform( -0.887913, 0, 0.460012, 0, 1, 0, -0.460012, 0, -0.887913, -53.8109, 0, -7.08914 )

[node name="SpruceTree68" parent="Scatter3D" instance=ExtResource( 8 )]
transform = Transform( 0.177533, 0, 0.984115, 0, 1, 0, -0.984115, 0, 0.177533, -51.6879, 0, -10.982 )

[node name="SpruceTree69" parent="Scatter3D" instance=ExtResource( 8 )]
transform = Transform( 0.995471, 0, -0.0950615, 0, 1, 0, 0.0950615, 0, 0.995471, -49.5316, 0, -13.9947 )

[node name="SpruceTree70" parent="Scatter3D" instance=ExtResource( 8 )]
transform = Transform( -0.728793, 0, -0.684734, 0, 1, 0, 0.684734, 0, -0.728793, -41.907, 0, -21.4743 )

[node name="SpruceTree71" parent="Scatter3D" instance=ExtResource( 8 )]
transform = Transform( 0.619435, 0, 0.785048, 0, 1, 0, -0.785048, 0, 0.619435, 31.6, 0, -4.59059 )

[node name="SpruceTree72" parent="Scatter3D" instance=ExtResource( 8 )]
transform = Transform( -0.151154, 0, 0.98851, 0, 1, 0, -0.98851, 0, -0.151154, 33.0116, 0, -14.8345 )

[node name="SpruceTree73" parent="Scatter3D" instance=ExtResource( 8 )]
transform = Transform( -0.599957, 0, -0.800032, 0, 1, 0, 0.800032, 0, -0.599957, 31.44, 0, -18.7751 )

[node name="SpruceTree74" parent="Scatter3D" instance=ExtResource( 8 )]
transform = Transform( -1, 0, -0.000781925, 0, 1, 0, 0.000781925, 0, -1, 27.7235, 0, -20.476 )

[node name="SpruceTree75" parent="Scatter3D" instance=ExtResource( 8 )]
transform = Transform( 0.920784, 0, -0.390074, 0, 1, 0, 0.390074, 0, 0.920784, 19.1272, 0, -22.0375 )

[node name="SpruceTree76" parent="Scatter3D" instance=ExtResource( 8 )]
transform = Transform( 0.991214, 0, 0.132271, 0, 1, 0, -0.132271, 0, 0.991214, 11.3038, 3.8147e-06, -21.2647 )

[node name="SpruceTree77" parent="Scatter3D" instance=ExtResource( 8 )]
transform = Transform( 0.617298, 0, 0.78673, 0, 1, 0, -0.78673, 0, 0.617298, 2.88427, 0, -20.8985 )

[node name="SpruceTree78" parent="Scatter3D" instance=ExtResource( 8 )]
transform = Transform( 0.715922, 0, 0.69818, 0, 1, 0, -0.69818, 0, 0.715922, -6.13155, 0, -18.6387 )

[node name="SpruceTree79" parent="Scatter3D" instance=ExtResource( 8 )]
transform = Transform( -0.755565, 0, -0.655074, 0, 1, 0, 0.655074, 0, -0.755565, -10.2844, 3.8147e-06, -17.5978 )

[node name="SpruceTree80" parent="Scatter3D" instance=ExtResource( 8 )]
transform = Transform( 0.994587, 0, -0.103907, 0, 1, 0, 0.103907, 0, 0.994587, -20.0766, 0, -13.2283 )

[node name="SpruceTree81" parent="Scatter3D" instance=ExtResource( 8 )]
transform = Transform( -0.0354308, 0, 0.999372, 0, 1, 0, -0.999372, 0, -0.0354308, -26.0309, 3.8147e-06, -8.5014 )

[node name="SpruceTree82" parent="Scatter3D" instance=ExtResource( 8 )]
transform = Transform( 0.092969, 0, 0.995669, 0, 1, 0, -0.995669, 0, 0.092969, -30.5404, 3.8147e-06, -3.98375 )

[node name="SpruceTree83" parent="Scatter3D" instance=ExtResource( 8 )]
transform = Transform( -0.089992, 0, 0.995942, 0, 1, 0, -0.995942, 0, -0.089992, -24.5158, 0, 40.5933 )

[node name="SpruceTree84" parent="Scatter3D" instance=ExtResource( 8 )]
transform = Transform( -0.316024, 0, -0.948751, 0, 1, 0, 0.948751, 0, -0.316024, -13.9694, 0, 42.8893 )

[node name="SpruceTree85" parent="Scatter3D" instance=ExtResource( 8 )]
transform = Transform( -0.644557, 0, -0.764557, 0, 1, 0, 0.764557, 0, -0.644557, -11.1367, 3.8147e-06, 42.6445 )

[node name="SpruceTree86" parent="Scatter3D" instance=ExtResource( 8 )]
transform = Transform( 0.509922, 0, 0.860221, 0, 1, 0, -0.860221, 0, 0.509922, 11.9023, 0, 27.8167 )

[node name="SpruceTree87" parent="Scatter3D" instance=ExtResource( 8 )]
transform = Transform( -0.718503, 0, 0.695524, 0, 1, 0, -0.695524, 0, -0.718503, 14.3533, 0, 24.8013 )

[node name="SpruceTree88" parent="Scatter3D" instance=ExtResource( 8 )]
transform = Transform( -0.443335, 0, -0.896356, 0, 1, 0, 0.896356, 0, -0.443335, 15.2754, 0, 23.1688 )

[node name="SpruceTree89" parent="Scatter3D" instance=ExtResource( 8 )]
transform = Transform( 0.508411, 0, 0.861114, 0, 1, 0, -0.861114, 0, 0.508411, 15.6553, 0, 21.5634 )

[node name="SpruceTree90" parent="Scatter3D" instance=ExtResource( 8 )]
transform = Transform( -0.886264, 0, 0.46318, 0, 1, 0, -0.46318, 0, -0.886264, 16.119, 3.8147e-06, 19.3098 )

[node name="SpruceTree91" parent="Scatter3D" instance=ExtResource( 8 )]
transform = Transform( -0.216337, 0, -0.976319, 0, 1, 0, 0.976319, 0, -0.216337, 16.4399, 0, 18.2481 )

[node name="SpruceTree92" parent="Scatter3D" instance=ExtResource( 8 )]
transform = Transform( -0.999521, 0, -0.0309529, 0, 1, 0, 0.0309529, 0, -0.999521, 16.3493, -3.8147e-06, 17.4417 )

[node name="SpruceTree93" parent="Scatter3D" instance=ExtResource( 8 )]
transform = Transform( 0.952085, 0, -0.305833, 0, 1, 0, 0.305833, 0, 0.952085, 17.5143, 0, 14.3163 )

[node name="SpruceTree94" parent="Scatter3D" instance=ExtResource( 8 )]
transform = Transform( 0.893655, 0, 0.448754, 0, 1, 0, -0.448754, 0, 0.893655, 17.8563, 0, 13.1816 )

[node name="SpruceTree95" parent="Scatter3D" instance=ExtResource( 8 )]
transform = Transform( 0.944052, 0, 0.329797, 0, 1, 0, -0.329797, 0, 0.944052, 17.2452, 0, 11.7714 )

[node name="SpruceTree96" parent="Scatter3D" instance=ExtResource( 8 )]
transform = Transform( -0.181215, 0, 0.983444, 0, 1, 0, -0.983444, 0, -0.181215, 15.1544, 0, 9.54084 )

[node name="SpruceTree97" parent="Scatter3D" instance=ExtResource( 8 )]
transform = Transform( 0.018901, 0, -0.999821, 0, 1, 0, 0.999821, 0, 0.018901, 12.715, 3.8147e-06, 6.93849 )

[node name="SpruceTree98" parent="Scatter3D" instance=ExtResource( 8 )]
transform = Transform( -0.793222, 0, 0.608933, 0, 1, 0, -0.608933, 0, -0.793222, 5.79787, 0, 1.81701 )

[node name="SpruceTree99" parent="Scatter3D" instance=ExtResource( 8 )]
transform = Transform( 0.358196, 0, -0.933646, 0, 1, 0, 0.933646, 0, 0.358196, -0.610027, 0, -3.54152 )

[node name="SpruceTree100" parent="Scatter3D" instance=ExtResource( 8 )]
transform = Transform( 0.0613936, 0, -0.998114, 0, 1, 0, 0.998114, 0, 0.0613936, -6.91735, 0, -8.09437 )

[node name="SpruceTree101" parent="Scatter3D" instance=ExtResource( 8 )]
transform = Transform( 0.717423, 0, -0.696638, 0, 1, 0, 0.696638, 0, 0.717423, -9.42284, 0, -9.34284 )

[node name="SpruceTree102" parent="Scatter3D" instance=ExtResource( 8 )]
transform = Transform( -0.0384096, 0, -0.999262, 0, 1, 0, 0.999262, 0, -0.0384096, -11.8678, 3.8147e-06, -9.85276 )

[node name="SpruceTree103" parent="Scatter3D" instance=ExtResource( 8 )]
transform = Transform( 0.999999, 0, -0.00138441, 0, 1, 0, 0.00138441, 0, 0.999999, -13.3039, 3.8147e-06, -10.0107 )

[node name="SpruceTree104" parent="Scatter3D" instance=ExtResource( 8 )]
transform = Transform( 0.913866, 0, 0.406017, 0, 1, 0, -0.406017, 0, 0.913866, -15.4652, 3.8147e-06, -9.62585 )

[node name="SpruceTree105" parent="Scatter3D" instance=ExtResource( 8 )]
transform = Transform( -0.36421, 0, 0.931317, 0, 1, 0, -0.931317, 0, -0.36421, -18.0032, 0, -9.07444 )

[node name="SpruceTree106" parent="Scatter3D" instance=ExtResource( 8 )]
transform = Transform( -0.0994308, 0, 0.995044, 0, 1, 0, -0.995044, 0, -0.0994308, 10.0666, 0, 15.6012 )

[node name="SpruceTree107" parent="Scatter3D" instance=ExtResource( 8 )]
transform = Transform( 0.120491, 0, 0.992714, 0, 1, 0, -0.992714, 0, 0.120491, 3.18098, 3.8147e-06, 22.0813 )

[node name="SpruceTree108" parent="Scatter3D" instance=ExtResource( 8 )]
transform = Transform( 0.86179, 0, -0.507265, 0, 1, 0, 0.507265, 0, 0.86179, -1.86552, 0, 25.5611 )

[node name="SpruceTree109" parent="Scatter3D" instance=ExtResource( 8 )]
transform = Transform( 0.882749, 0, 0.469844, 0, 1, 0, -0.469844, 0, 0.882749, -6.71331, -3.8147e-06, 27.9314 )

[node name="SpruceTree110" parent="Scatter3D" instance=ExtResource( 8 )]
transform = Transform( 0.40539, 0, -0.914144, 0, 1, 0, 0.914144, 0, 0.40539, -12.9115, 0, 29.9565 )

[node name="SpruceTree111" parent="Scatter3D" instance=ExtResource( 8 )]
transform = Transform( 0.480623, 0, 0.876927, 0, 1, 0, -0.876927, 0, 0.480623, -28.358, 0, 30.319 )

[node name="SpruceTree112" parent="Scatter3D" instance=ExtResource( 8 )]
transform = Transform( -0.672028, 0, -0.740525, 0, 1, 0, 0.740525, 0, -0.672028, -34.8436, 3.8147e-06, 2.13159 )

[node name="SpruceTree113" parent="Scatter3D" instance=ExtResource( 8 )]
transform = Transform( 0.288511, 0, -0.957477, 0, 1, 0, 0.957477, 0, 0.288511, -30.8951, 3.8147e-06, -13.6906 )

[node name="SpruceTree114" parent="Scatter3D" instance=ExtResource( 8 )]
transform = Transform( -0.865686, 0, -0.500588, 0, 1, 0, 0.500588, 0, -0.865686, -29.8108, 3.8147e-06, -19.1435 )

[node name="SpruceTree115" parent="Scatter3D" instance=ExtResource( 8 )]
transform = Transform( 0.94488, 0, 0.327418, 0, 1, 0, -0.327418, 0, 0.94488, 17.0364, 3.8147e-06, -33.004 )

[node name="SpruceTree116" parent="Scatter3D" instance=ExtResource( 8 )]
transform = Transform( 0.967481, 0, -0.252945, 0, 1, 0, 0.252945, 0, 0.967481, -11.1513, -3.8147e-06, -30.6195 )

[node name="SpruceTree117" parent="Scatter3D" instance=ExtResource( 8 )]
transform = Transform( 0.273772, 0, 0.961794, 0, 1, 0, -0.961794, 0, 0.273772, -43.8355, 3.8147e-06, -17.134 )

[node name="SpruceTree118" parent="Scatter3D" instance=ExtResource( 8 )]
transform = Transform( -0.955737, 0, 0.294222, 0, 1, 0, -0.294222, 0, -0.955737, -45.3138, 0, -13.7302 )

[node name="SpruceTree119" parent="Scatter3D" instance=ExtResource( 8 )]
transform = Transform( 0.918197, 0, -0.396125, 0, 1, 0, 0.396125, 0, 0.918197, -45.6784, 3.8147e-06, -11.7386 )

[node name="SpruceTree120" parent="Scatter3D" instance=ExtResource( 8 )]
transform = Transform( 0.238874, 0, 0.971051, 0, 1, 0, -0.971051, 0, 0.238874, -45.7627, 0, -9.5172 )

[node name="SpruceTree121" parent="Scatter3D" instance=ExtResource( 8 )]
transform = Transform( 0.580299, 0, 0.814403, 0, 1, 0, -0.814403, 0, 0.580299, 44.6542, 3.8147e-06, -20.4721 )

[node name="SpruceTree122" parent="Scatter3D" instance=ExtResource( 8 )]
transform = Transform( 0.784604, 0, -0.619998, 0, 1, 0, 0.619998, 0, 0.784604, 44.0958, -3.8147e-06, -11.1198 )

[node name="SpruceTree123" parent="Scatter3D" instance=ExtResource( 8 )]
transform = Transform( -0.488061, 0, 0.872809, 0, 1, 0, -0.872809, 0, -0.488061, 44.1479, 0, 3.59696 )

[node name="SpruceTree124" parent="Scatter3D" instance=ExtResource( 8 )]
transform = Transform( 0.00393576, 0, 0.999992, 0, 1, 0, -0.999992, 0, 0.00393576, 43.2832, 0, 7.87327 )

[node name="SpruceTree125" parent="Scatter3D" instance=ExtResource( 8 )]
transform = Transform( 0.932673, 0, 0.360724, 0, 1, 0, -0.360724, 0, 0.932673, 42.4639, 0, 10.0118 )

[node name="SpruceTree126" parent="Scatter3D" instance=ExtResource( 8 )]
transform = Transform( -0.995214, 0, -0.0977224, 0, 1, 0, 0.0977224, 0, -0.995214, 41.4693, 0, 10.9164 )

[node name="SpruceTree127" parent="Scatter3D" instance=ExtResource( 8 )]
transform = Transform( 0.735881, 0, 0.677111, 0, 1, 0, -0.677111, 0, 0.735881, 37.0821, 3.8147e-06, 13.7762 )

[node name="SpruceTree128" parent="Scatter3D" instance=ExtResource( 8 )]
transform = Transform( 0.85004, 0, 0.526719, 0, 1, 0, -0.526719, 0, 0.85004, 28.7609, 3.8147e-06, 18.5853 )

[node name="SpruceTree129" parent="Scatter3D" instance=ExtResource( 8 )]
transform = Transform( 0.990241, 0, 0.139363, 0, 1, 0, -0.139363, 0, 0.990241, 21.4057, 3.8147e-06, 22.8361 )

[node name="SpruceTree130" parent="Scatter3D" instance=ExtResource( 8 )]
transform = Transform( -0.884685, 0, -0.466189, 0, 1, 0, 0.466189, 0, -0.884685, 9.69033, 0, 29.6068 )

[node name="SpruceTree131" parent="Scatter3D" instance=ExtResource( 8 )]
transform = Transform( -0.935668, 0, -0.35288, 0, 1, 0, 0.35288, 0, -0.935668, -30.8923, 0, 37.4095 )

[node name="SpruceTree132" parent="Scatter3D" instance=ExtResource( 8 )]
transform = Transform( 0.999971, 0, -0.00762174, 0, 1, 0, 0.00762174, 0, 0.999971, -33.6536, -3.8147e-06, 35.6255 )

[node name="SpruceTree133" parent="Scatter3D" instance=ExtResource( 7 )]
transform = Transform( 0.832761, 0, -0.553633, 0, 1, 0, 0.553633, 0, 0.832761, 5.56731, -3.8147e-06, -35.1435 )

[node name="SpruceTree134" parent="Scatter3D" instance=ExtResource( 7 )]
transform = Transform( -0.654603, 0, 0.755972, 0, 1, 0, -0.755972, 0, -0.654603, 21.7231, 0, -29.6727 )

[node name="SpruceTree135" parent="Scatter3D" instance=ExtResource( 7 )]
transform = Transform( 0.389353, 0, 0.921089, 0, 1, 0, -0.921089, 0, 0.389353, 38.5998, -3.8147e-06, -18.7034 )

[node name="SpruceTree136" parent="Scatter3D" instance=ExtResource( 7 )]
transform = Transform( 0.433864, 0, -0.900978, 0, 1, 0, 0.900978, 0, 0.433864, 42.8825, 3.8147e-06, -10.5875 )

[node name="SpruceTree137" parent="Scatter3D" instance=ExtResource( 7 )]
transform = Transform( -0.536909, 0, 0.84364, 0, 1, 0, -0.84364, 0, -0.536909, 33.3617, 0, 13.2 )

[node name="SpruceTree138" parent="Scatter3D" instance=ExtResource( 7 )]
transform = Transform( 0.635204, 0, 0.772344, 0, 1, 0, -0.772344, 0, 0.635204, 27.4967, 0, 22.6212 )

[node name="SpruceTree139" parent="Scatter3D" instance=ExtResource( 7 )]
transform = Transform( 0.858403, 0, 0.512976, 0, 1, 0, -0.512976, 0, 0.858403, 23.5899, 3.8147e-06, 26.4796 )

[node name="SpruceTree140" parent="Scatter3D" instance=ExtResource( 7 )]
transform = Transform( -0.766116, 0, 0.642703, 0, 1, 0, -0.642703, 0, -0.766116, 11.0732, 0, 35.2438 )

[node name="SpruceTree141" parent="Scatter3D" instance=ExtResource( 7 )]
transform = Transform( -0.88945, 0, -0.457032, 0, 1, 0, 0.457032, 0, -0.88945, -1.92762, 0, 40.9449 )

[node name="SpruceTree142" parent="Scatter3D" instance=ExtResource( 7 )]
transform = Transform( 0.457572, 0, -0.889172, 0, 1, 0, 0.889172, 0, 0.457572, -12.248, 7.62939e-06, 43.6653 )

[node name="SpruceTree143" parent="Scatter3D" instance=ExtResource( 7 )]
transform = Transform( -0.956623, 0, -0.291327, 0, 1, 0, 0.291327, 0, -0.956623, -27.7951, 0, 47.2492 )

[node name="SpruceTree144" parent="Scatter3D" instance=ExtResource( 7 )]
transform = Transform( -0.999996, 0, -0.00273099, 0, 1, 0, 0.00273099, 0, -0.999996, -36.6931, 0, 47.2617 )

[node name="SpruceTree145" parent="Scatter3D" instance=ExtResource( 7 )]
transform = Transform( 0.625378, 0, -0.780322, 0, 1, 0, 0.780322, 0, 0.625378, -41.3323, 0, 45.3422 )

[node name="SpruceTree146" parent="Scatter3D" instance=ExtResource( 7 )]
transform = Transform( 0.751485, 0, -0.659751, 0, 1, 0, 0.659751, 0, 0.751485, -46.8738, 0, 40.1774 )

[node name="SpruceTree147" parent="Scatter3D" instance=ExtResource( 7 )]
transform = Transform( -0.837226, 0, 0.546857, 0, 1, 0, -0.546857, 0, -0.837226, -49.3119, 7.62939e-06, 35.3228 )

[node name="SpruceTree148" parent="Scatter3D" instance=ExtResource( 7 )]
transform = Transform( 0.961114, 0, 0.276153, 0, 1, 0, -0.276153, 0, 0.961114, -52.2672, 7.62939e-06, 28.3303 )

[node name="SpruceTree149" parent="Scatter3D" instance=ExtResource( 7 )]
transform = Transform( -0.306595, 0, -0.95184, 0, 1, 0, 0.95184, 0, -0.306595, -53.2418, -7.62939e-06, 22.539 )

[node name="SpruceTree150" parent="Scatter3D" instance=ExtResource( 7 )]
transform = Transform( 0.0376982, 0, -0.999289, 0, 1, 0, 0.999289, 0, 0.0376982, -54.0219, 0, 13.4179 )

[node name="SpruceTree151" parent="Scatter3D" instance=ExtResource( 7 )]
transform = Transform( 0.388374, 0, -0.921502, 0, 1, 0, 0.921502, 0, 0.388374, -52.3927, 0, 7.27106 )

[node name="SpruceTree152" parent="Scatter3D" instance=ExtResource( 7 )]
transform = Transform( 0.642294, 0, 0.766459, 0, 1, 0, -0.766459, 0, 0.642294, -32.9445, 0, -15.2117 )

[node name="SpruceTree153" parent="Scatter3D" instance=ExtResource( 7 )]
transform = Transform( -0.615022, 0, -0.78851, 0, 1, 0, 0.78851, 0, -0.615022, 31.388, 0, -50.9991 )

[node name="SpruceTree154" parent="Scatter3D" instance=ExtResource( 7 )]
transform = Transform( -0.820753, 0, -0.571283, 0, 1, 0, 0.571283, 0, -0.820753, 50.3214, 0, -49.5784 )

[node name="SpruceTree155" parent="Scatter3D" instance=ExtResource( 7 )]
transform = Transform( -0.996007, 0, 0.0892793, 0, 1, 0, -0.0892793, 0, -0.996007, 60.5117, 3.8147e-06, -45.3213 )

[node name="SpruceTree156" parent="Scatter3D" instance=ExtResource( 7 )]
transform = Transform( -0.914162, 0, -0.40535, 0, 1, 0, 0.40535, 0, -0.914162, 27.8074, 3.8147e-06, 32.2829 )

[node name="SpruceTree157" parent="Scatter3D" instance=ExtResource( 7 )]
transform = Transform( -0.753298, 0, 0.65768, 0, 1, 0, -0.65768, 0, -0.753298, 2.23503, -7.62939e-06, 44.3577 )

[node name="SpruceTree158" parent="Scatter3D" instance=ExtResource( 7 )]
transform = Transform( 0.60379, 0, 0.797144, 0, 1, 0, -0.797144, 0, 0.60379, -10.1369, -7.62939e-06, 47.7834 )

[node name="SpruceTree159" parent="Scatter3D" instance=ExtResource( 7 )]
transform = Transform( 0.791039, 0, -0.611766, 0, 1, 0, 0.611766, 0, 0.791039, -17.9844, 0, 48.4108 )

[node name="SpruceTree160" parent="Scatter3D" instance=ExtResource( 7 )]
transform = Transform( -0.975391, 0, -0.220482, 0, 1, 0, 0.220482, 0, -0.975391, -23.5721, -7.62939e-06, 47.5986 )

[node name="SpruceTree161" parent="Scatter3D" instance=ExtResource( 7 )]
transform = Transform( -0.325618, 0, 0.945501, 0, 1, 0, -0.945501, 0, -0.325618, -39.8146, 0, 39.2592 )

[node name="SpruceTree162" parent="Scatter3D" instance=ExtResource( 7 )]
transform = Transform( 0.538253, 0, 0.842783, 0, 1, 0, -0.842783, 0, 0.538253, -45.0297, 0, 24.7072 )

[node name="SpruceTree163" parent="Scatter3D" instance=ExtResource( 7 )]
transform = Transform( -0.642623, 0, -0.766182, 0, 1, 0, 0.766182, 0, -0.642623, -46.88, 0, -8.03918 )

[node name="SpruceTree164" parent="Scatter3D" instance=ExtResource( 7 )]
transform = Transform( -0.96073, 0, 0.277485, 0, 1, 0, -0.277485, 0, -0.96073, -45.6041, -7.62939e-06, -15.1453 )

[node name="SpruceTree165" parent="Scatter3D" instance=ExtResource( 7 )]
transform = Transform( 0.613474, 0, -0.789715, 0, 1, 0, 0.789715, 0, 0.613474, -33.7835, -3.8147e-06, -28.3001 )

[node name="SpruceTree166" parent="Scatter3D" instance=ExtResource( 7 )]
transform = Transform( 0.729657, 0, 0.683813, 0, 1, 0, -0.683813, 0, 0.729657, 41.129, -3.8147e-06, 4.42103 )

[node name="SpruceTree167" parent="Scatter3D" instance=ExtResource( 7 )]
transform = Transform( -0.0860971, 0, -0.996287, 0, 1, 0, 0.996287, 0, -0.0860971, 43.4396, 0, -3.07455 )

[node name="SpruceTree168" parent="Scatter3D" instance=ExtResource( 7 )]
transform = Transform( -0.681763, 0, 0.731573, 0, 1, 0, -0.731573, 0, -0.681763, 41.8786, 0, -6.44806 )

[node name="SpruceTree169" parent="Scatter3D" instance=ExtResource( 7 )]
transform = Transform( -0.342117, 0, 0.939657, 0, 1, 0, -0.939657, 0, -0.342117, 40.5117, -3.8147e-06, -11.3654 )

[node name="SpruceTree170" parent="Scatter3D" instance=ExtResource( 7 )]
transform = Transform( -0.831947, 0, 0.554856, 0, 1, 0, -0.554856, 0, -0.831947, 34.4117, 3.8147e-06, -17.8731 )

[node name="SpruceTree171" parent="Scatter3D" instance=ExtResource( 7 )]
transform = Transform( 0.925392, 0, 0.379012, 0, 1, 0, -0.379012, 0, 0.925392, 20.0585, 3.8147e-06, -33.1853 )

[node name="SpruceTree172" parent="Scatter3D" instance=ExtResource( 7 )]
transform = Transform( -0.320225, 0, 0.947342, 0, 1, 0, -0.947342, 0, -0.320225, 4.75919, -3.8147e-06, -32.7655 )

[node name="SpruceTree173" parent="Scatter3D" instance=ExtResource( 7 )]
transform = Transform( -0.0479942, 0, -0.998848, 0, 1, 0, 0.998848, 0, -0.0479942, -10.6554, 3.8147e-06, -25.0456 )

[node name="SpruceTree174" parent="Scatter3D" instance=ExtResource( 7 )]
transform = Transform( -0.765975, 0, -0.64287, 0, 1, 0, 0.64287, 0, -0.765975, -31.3193, 0, -11.139 )

[node name="SpruceTree175" parent="Scatter3D" instance=ExtResource( 7 )]
transform = Transform( 0.287399, 0, -0.957811, 0, 1, 0, 0.957811, 0, 0.287399, -56.5457, 0, 18.2067 )

[node name="Playground" parent="." instance=ExtResource( 9 )]
transform = Transform( 1, 0, 0, 0, 1, 0, 0, 0, 1, -0.612995, 0, 5.24757 )

[node name="AkBank" type="Node" parent="."]
script = ExtResource( 10 )
bank = {
"Id": 1509027703,
"Name": "KSCOPEMAIN"
}
load_on = 1

[node name="Path" type="Path" parent="."]
transform = Transform( 1, 0, 0, 0, 1, 0, 0, 0, 1, 0, 2.77526, 0 )
curve = SubResource( 2 )

[node name="LowPolyFence" parent="." instance=ExtResource( 12 )]
transform = Transform( 0.981823, 0, 0.189798, 0, 1, 0, -0.189798, 0, 0.981823, -1.72202, 0, -8.03355 )

[node name="LowPolyFence2" parent="." instance=ExtResource( 12 )]
transform = Transform( 0.955695, 0, 0.294357, 0, 1, 0, -0.294357, 0, 0.955695, -4.48879, 0, -7.29842 )

[node name="LowPolyFence3" parent="." instance=ExtResource( 12 )]
transform = Transform( 0.888905, 0, 0.458091, 0, 1, 0, -0.458091, 0, 0.888905, -7.16632, 0, -6.19419 )

[node name="LowPolyFence4" parent="." instance=ExtResource( 12 )]
transform = Transform( 0.786482, 0, 0.617613, 0, 1, 0, -0.617613, 0, 0.786482, -9.63115, 0, -4.72233 )

[node name="LowPolyFence5" parent="." instance=ExtResource( 12 )]
transform = Transform( 0.715449, 0, 0.698665, 0, 1, 0, -0.698665, 0, 0.715449, -11.7559, 0, -2.80377 )

[node name="LowPolyFence6" parent="." instance=ExtResource( 12 )]
transform = Transform( 0.5812, 0, 0.813761, 0, 1, 0, -0.813761, 0, 0.5812, -13.6326, 0, -0.59773 )

[node name="LowPolyFence7" parent="." instance=ExtResource( 12 )]
transform = Transform( -0.0234725, 0, 0.999725, 0, 1, 0, -0.999725, 0, -0.0234725, -14.5566, 0, 2.09831 )

[node name="LowPolyFence8" parent="." instance=ExtResource( 12 )]
transform = Transform( -0.130924, 0, 0.991392, 0, 1, 0, -0.991392, 0, -0.130924, -14.293, 0, 4.94891 )

[node name="LowPolyFence9" parent="." instance=ExtResource( 12 )]
transform = Transform( -0.303501, 0, 0.952831, 0, 1, 0, -0.952831, 0, -0.303501, -13.6506, 0, 7.77305 )

[node name="LowPolyFence10" parent="." instance=ExtResource( 12 )]
transform = Transform( -0.477864, 0, 0.878434, 0, 1, 0, -0.878434, 0, -0.477864, -12.6102, 0, 10.4488 )

[node name="LowPolyFence11" parent="." instance=ExtResource( 12 )]
transform = Transform( -0.569624, 0, 0.821905, 0, 1, 0, -0.821905, 0, -0.569624, -11.0727, 0, 12.8636 )

[node name="LowPolyFence12" parent="." instance=ExtResource( 12 )]
transform = Transform( -0.705488, 0, 0.708722, 0, 1, 0, -0.708722, 0, -0.705488, -9.21035, 0, 15.0817 )
